507 354 1004 150 60 703 725 338 145 1426
14 853 490 133 1437 1899 841 500 262 228
184 147 1335 1290 415 1514 488 602 935 1913
727 708 1199 415 147 119 232 1227 322 1508
1174 157 221 1100 1126 301 714 488 263 348
996 1439 4 14 147 841 1411 407 44 262
169 415 232 1371 130 1126 252 1426 988 726
1004 1231 415 531 147 119 1097 309 262 701
408 1430 725 147 119 207 277 145 1209 1343
43 1195 1218 224 728 1014 1903 477 278 1326
416 1430 1417 264 686 251 1219 132 1088 1343
22 125 147 993 119 394 1120 986 259 1317
520 525 264 415 133 199 471 477 262 986
416 1430 1827 264 1893 1022 1120 259 278 85
243 145 490 182 841 1767 212 21 5 1174
416 125 243 150 725 437 1126 202 21 988
708 1116 707 147 750 59 207 1222 278 20
408 1537 1417 1350 216 251 147 309 1326 1525
1661 1195 147 1564 1014 223 1120 986 44 1644
184 725 169 1081 119 207 1767 718 49 20
416 4 1023 703 208 347 275 214 718 1588
1341 686 113 1100 423 394 290 1120 309 1109
513 20 31 686 1126 1846 156 49 1326 758
408 1212 727 147 415 119 202 130 309 1253
467 4 14 842 147 277 214 845 500 145
1281 708 302 531 1335 83 119 147 117 937
408 4 416 1290 128 380 202 214 1485 44
727 14 1215 415 147 714 998 1544 1286 145
717 1031 169 119 156 394 445 1821 407 1174
408 1317 169 271 216 133 199 1014 685 127
498 490 1231 347 1030 837 998 718 145 348
1471 1195 147 415 119 2 486 182 21 262
416 66 440 1130 1116 232 295 1209 477 1174
727 4 1512 1085 841 214 275 1120 44 262
1004 1290 147 208 119 36 841 718 1481 1120
282 490 514 725 133 213 471 714 1893 1174
727 43 490 1379 32 48 214 15 57 988
408 430 119 232 841 405 1224 477 1174 309
525 264 133 1121 251 1497 1405 998 841 132
727 1231 707 147 184 619 48 1893 999 1343
147 1335 322 710 1371 1176 214 1286 1120 1767
1281 1004 47 147 298 199 202 500 1174 262
157 1607 415 688 1014 1411 394 1146 309 1426
1004 14 163 661 48 202 718 309 263 1481
1417 216 133 232 471 1514 500 539 986 49
125 490 169 60 251 232 202 999 1174 1000
147 1335 133 295 232 119 275 245 999 244
408 208 119 289 224 714 394 48 1120 18
1439 1195 66 1125 147 119 232 182 1995 48
408 66 1215 119 295 156 1767 21 693 1343
704 43 511 48 488 207 1088 309 85 863
996 470 113 1081 133 868 1171 1109 44 1343
727 1439 490 1195 686 224 119 1254 1022 986
66 147 295 1014 182 1508 275 245 259 986
727 43 378 169 1924 710 956 394 202 1174
4 117 725 1002 1893 290 1120 259 986 1000
26 408 686 511 531 48 207 1426 309 20
408 4 147 224 1564 232 415 211 259 127
988 1004 1031 169 1827 1465 718 1221 1326 1000
408 43 708 707 415 147 1008 319 94 956
727 1195 147 119 202 1767 1120 1795 309 259
43 4 1116 1231 66 408 467 725 275 263
43 1130 1004 66 501 156 841 1893 22 12
66 47 117 119 275 1176 145 1120 986 701
727 14 437 1514 500 1893 462 477 309 278
66 47 1290 147 1335 289 415 482 15 986
408 1130 996 415 224 710 1014 275 1334 1326
490 519 842 1215 156 1171 539 145 1326 1343
727 1195 1231 125 531 66 113 234 264 841
465 125 14 1231 1004 133 309 278 726 988
408 717 490 667 1118 998 1408 1389 309 477
467 66 490 1231 519 871 841 275 145 262
408 4 1116 169 519 133 1097 309 262 477
1195 66 50 147 1335 232 1014 1022 262 20
708 1029 1417 1369 232 130 48 998 262 18
408 1004 20 221 147 119 202 278 309 127
416 1537 380 534 133 841 1091 718 309 1343
408 1195 47 147 224 365 394 998 1120 259
1268 316 1279 1267 317 445 1893 145 529 1827
1871 1029 1417 50 202 1421 718 999 310 18
1031 264 170 1030 841 445 718 145 1827 1821
408 1195 415 119 394 841 422 48 259 57
380 725 251 322 232 202 214 275 702 262
26 525 1116 1471 147 338 490 710 48 529
203 507 1417 490 133 1030 61 1426 1174 300
408 4 66 50 147 221 405 207 21 320
727 1195 783 47 854 285 130 998 1544 145
416 408 708 278 147 993 1120 22 702 1343
996 1017 525 264 147 842 48 394 214 262
257 721 216 285 239 1882 48 49 713 693
717 26 169 113 133 156 1091 122 1426 1174
408 1004 169 147 133 1097 255 211 986 988
416 10 169 264 232 1097 1405 500 309 1326
1029 169 842 1030 1118 841 132 718 145 713
257 1195 727 66 251 133 1514 275 178 1317
727 702 1218 302 415 36 845 22 44 21
243 1244 521 113 1417 956 488 998 278 1326
1130 415 119 232 1227 394 1088 145 12 262
1827 1031 169 1081 1104 1030 718 49 1174 1821
717 427 147 184 1510 322 48 1209 1903 1000
686 147 119 106 1002 232 500 986 1330 262
727 45 169 725 156 486 252 718 1174 726
43 1195 120 119 1243 1294 1611 1120 1326 12
727 113 67 469 232 1371 841 48 1893 300
408 4 14 10 147 184 842 710 841 986
408 278 707 147 415 322 841 986 262 18
727 66 1095 199 714 841 1767 504 39 263
1195 66 221 147 415 119 1899 986 309 1913
408 1231 264 725 251 490 415 232 309 465
988 262 725 232 1325 1176 122 1426 1174 44
257 1 993 216 842 322 710 394 119 520
727 416 1231 1215 169 1171 422 1426 309 262
408 707 147 995 710 119 89 275 1326 323
1913 147 415 119 394 1176 1334 21 726 1317
264 216 251 169 1898 1421 132 718 49 145
988 1195 1231 1004 415 169 119 1209 262 1317
467 1537 1893 841 760 132 500 1544 1514 262
408 727 66 295 182 1014 998 48 1120 21
1195 169 147 531 380 184 1120 309 320 1174
408 169 725 415 150 156 232 214 1426 1174
853 264 842 169 199 202 156 132 1088 278
708 1569 490 1004 993 1369 252 978 263 1174
980 243 1008 119 322 956 1893 1120 278 1326
408 1219 416 128 686 619 1146 1097 726 1253
408 1195 147 995 710 1014 322 207 1326 323
1317 988 1004 169 57 1231 1097 1426 999 262
1439 1195 1130 189 2 338 232 182 1637 22
1195 725 993 119 289 394 207 1022 1013 1533
408 1471 1116 66 1081 119 862 1022 48 1080
66 294 415 295 182 232 1091 48 212 21
282 539 519 184 264 693 718 278 726 262
157 66 243 147 415 224 394 11 259 1326
26 1004 708 10 415 232 714 207 999 702
4 490 1195 66 841 500 1120 328 1326 701
169 415 437 427 847 184 841 500 132 262
708 1537 1231 14 347 338 128 322 415 702
4 1116 707 534 710 202 48 1040 275 320
408 490 415 1081 133 301 1893 211 309 532
408 66 1231 1195 415 147 295 145 259 1326
408 125 380 415 224 341 1014 394 48 259
43 4 1130 169 216 1492 590 956 394 278
4 14 531 1735 415 500 214 145 477 1000
525 264 531 1315 213 322 714 48 262 82
1174 986 708 169 338 1104 486 999 477 82
43 498 708 232 1126 301 1514 21 1174 988
408 1439 338 1315 224 1014 182 602 295 259
408 66 125 415 133 531 119 202 223 147
717 1537 66 264 119 1126 1325 488 1767 986
1281 66 992 490 1126 202 502 145 464 1174
408 147 415 119 394 214 527 21 986 1326
416 408 1221 147 415 1014 145 1468 259 18
727 66 1212 117 415 119 841 394 15 262
43 257 203 150 1081 1510 298 486 57 1326
66 1231 147 119 232 841 207 499 1874 57
988 1219 169 1252 156 1325 394 232 726 1174
618 1130 467 243 147 531 619 277 477 18
408 66 997 415 1335 119 232 1373 211 44
416 408 147 2 119 232 1016 1396 145 726
727 1417 169 147 1371 841 1408 38 406 309
727 408 216 147 415 1371 119 102 21 44
1430 66 519 1125 415 119 837 998 44 1000
408 1231 221 1081 1510 133 232 1565 531 22
1029 60 169 1030 202 1171 502 488 718 309
1116 511 147 533 536 48 89 986 1174 1247
727 1219 66 408 688 1126 252 145 49 726
66 1439 993 2 295 1014 182 1767 21 134
727 154 408 2 119 182 994 21 1247 701
727 1231 1290 415 871 119 322 1022 986 1080
1004 1130 60 156 48 837 998 309 12 18
416 1281 440 60 202 48 502 165 262 1206
727 66 346 20 842 221 133 714 290 520
125 742 1290 169 1081 1195 415 202 471 1326
980 66 113 147 415 710 1014 1995 406 1644
1212 1439 147 769 1613 1335 1104 841 132 211
708 1023 150 531 169 725 322 278 262 702
1326 262 1004 416 461 119 714 309 726 1174
26 988 60 993 232 841 714 309 1174 1913
408 66 708 13 147 415 182 1893 477 127
727 4 66 117 147 224 119 232 415 262
408 1195 66 147 119 1371 1419 979 1120 21
408 169 147 415 1369 156 1514 212 309 986
708 1116 50 441 440 119 533 415 1995 1221
1248 415 133 119 214 252 1209 405 1174 262
408 498 4 761 437 133 232 1118 145 49
4 1116 169 993 280 688 1471 862 714 1174
1130 1439 490 1471 113 169 1121 301 1426 12
996 708 416 10 901 147 1417 394 862 641
4 113 415 221 1371 1499 1176 1222 109 1378
708 996 531 1121 232 1014 1097 48 978 323
1439 498 133 437 199 289 841 1024 714 57
43 408 50 993 1217 119 394 1373 1239 701
1219 1417 264 169 298 533 295 500 718 309
727 447 853 14 264 437 216 199 471 228
43 1212 490 1125 119 1371 1325 394 477 986
727 264 842 347 147 232 214 132 320 310
416 1004 686 1430 511 133 232 1097 998 1343
727 264 113 504 841 500 959 278 262 726
66 1195 1215 993 2 119 232 289 275 262
4 1425 498 490 147 728 216 264 145 406
408 1195 119 232 1016 394 214 1508 1247 1317
1215 147 1503 119 1121 533 207 328 262 999
262 66 1430 440 415 147 114 1864 1343 1901
416 1430 686 147 1411 214 1209 986 1343 1120
416 43 454 1430 871 119 471 394 275 328
727 264 251 1081 232 504 488 132 477 1174
66 4 415 993 688 232 202 394 122 986
1212 1425 1439 415 119 394 214 211 21 986
26 125 150 533 1369 301 17 986 1174 407
511 441 1014 841 837 1794 1903 1109 1343 1000
416 157 66 408 1430 58 394 132 22 262
263 1004 150 531 169 232 202 61 1174 127
1253 4 66 1000 295 232 504 1120 1913 1197
157 1417 490 133 234 301 1508 718 1286 986
708 316 707 2003 1103 317 1893 1767 1821 1277
467 4 1219 1471 1372 322 146 394 214 348
264 147 119 394 214 260 211 48 841 20
408 14 415 1081 119 295 488 718 309 1000
259 66 147 224 113 1014 1120 986 212 22
20 4 1004 169 842 840 50 504 726 12
1219 490 169 4 298 619 1565 214 1091 49
996 66 4 513 725 224 232 1016 477 21
1411 1371 729 1508 275 255 1222 22 134 1253
408 43 1116 1290 415 147 198 1243 211 986
727 1130 997 147 298 89 1508 214 1326 85
1004 1219 32 725 133 868 242 525 1097 998
147 764 224 725 1014 394 841 415 477 1326
727 66 282 125 1195 251 1126 477 726 204
531 251 189 232 841 864 453 145 477 1202
408 727 1417 169 147 725 77 1171 309 310
4 1195 66 221 47 275 214 5 986 211
66 1195 1219 232 1243 214 488 1120 986 145
727 498 14 169 232 1126 841 101 998 477
708 1425 147 232 1002 1371 317 1273 1077 1
408 154 416 216 119 232 1893 937 1120 999
282 264 531 133 1394 199 471 48 1401 1075
408 125 1417 708 147 1335 322 1243 1120 211
708 1130 4 727 66 1335 156 710 275 1326
708 66 408 50 415 147 1411 275 207 320
43 408 31 1004 1603 841 394 714 145 18
408 1439 147 1893 214 1767 718 702 262 44
408 4 509 113 437 394 214 1120 262 1253
980 1439 1125 147 338 322 232 1014 21 1327
416 66 4 169 686 437 959 145 49 808
996 727 50 94 319 1520 207 15 22 701
1195 66 1179 415 224 119 322 147 1176 222
26 1004 707 531 725 1510 1097 48 1120 309
727 66 49 169 319 502 462 1426 726 309
243 986 289 1514 214 998 1120 278 207 59
1031 169 1179 179 1369 156 841 998 1088 837
1317 1356 1512 113 67 322 979 477 1174 85
408 47 1231 1081 156 182 232 48 277 1893
1439 189 133 1081 1030 841 132 718 145 262
408 4 1195 50 415 224 147 1244 998 1120
66 1195 1417 415 133 1014 998 270 5 986
498 519 525 531 216 184 251 841 132 278
447 1029 1728 1031 1030 1898 1729 445 1755 718
243 525 282 511 264 184 1229 48 527 726
66 4 1231 1125 232 182 322 275 21 1080
66 686 707 147 338 119 232 234 1995 20
708 1471 1116 234 1227 232 1007 462 407 702
708 4 1125 221 1335 1243 718 999 1326 44
408 727 1317 169 415 1081 119 275 57 1174
10 147 242 202 841 277 48 1109 262 1343
43 727 507 416 14 725 1510 1514 714 1326
117 147 415 119 232 1335 394 1349 430 20
727 1219 66 147 224 995 119 1767 145 1000
727 169 60 133 415 993 394 214 1091 1326
408 993 119 502 214 500 718 309 1174 48
21 169 415 147 119 394 718 49 12 477
727 965 114 193 232 471 48 1146 309 1551
4 66 1125 1290 147 619 841 277 986 44
842 133 533 251 504 471 1118 132 1229 49
408 1195 1130 415 214 488 211 477 998 127
498 1029 1031 842 169 184 841 11 718 145
282 837 993 641 214 841 212 986 979 275
1130 125 415 147 1014 223 394 211 21 1533
1195 66 147 224 1014 1917 1767 21 12 704
309 10 169 427 60 89 718 477 1174 228
727 66 31 42 415 993 862 405 845 1504
20 66 727 1081 502 714 718 477 1174 18
727 853 725 1081 1030 486 500 718 309 262
498 1356 72 765 202 841 1893 145 477 693
408 416 415 322 1349 837 124 145 1343 127
727 408 1231 169 221 415 49 211 986 262
1537 1231 1811 1371 130 124 214 488 1091 278
408 4 1425 147 269 156 714 1286 986 1426
498 1417 169 1125 4 311 202 232 214 1508
1195 1125 415 147 119 130 350 500 845 262
408 14 853 490 119 714 214 132 1174 1326
727 66 416 531 251 133 295 178 21 262
278 66 216 251 119 295 202 39 120 262
1029 447 1031 1030 1729 1032 1893 718 1894 1827
408 708 66 1195 147 224 119 1022 405 263
727 456 31 347 1175 156 202 1192 145 18
262 1004 4 408 996 1514 500 477 1174 390
727 1417 31 847 232 48 500 718 21 1326
1317 1439 1116 280 147 1094 182 214 12 1326
614 66 50 629 380 841 453 278 15 244
157 4 408 416 133 995 1081 301 214 1903
18 169 150 1126 301 488 500 1426 1174 1326
282 490 531 133 1081 319 471 309 477 262
43 1335 338 133 769 841 1222 15 986 1348
203 1425 1231 708 415 725 133 147 1325 127
708 66 415 119 232 1146 1411 845 709 1661
708 525 490 147 533 232 119 837 504 1120
1130 1417 1439 725 147 119 322 1180 1222 12
408 302 415 531 224 394 862 211 986 309
707 147 264 710 232 841 488 986 262 82
66 725 1016 641 394 1767 277 36 21 1000
1231 60 216 199 156 500 132 145 21 1174
727 264 221 251 437 156 394 714 1893 57
1262 995 781 1273 1510 322 1952 718 1903 18
408 1174 117 221 119 232 714 986 1426 1080
23 1000 113 147 531 1375 73 278 587 1
1326 416 31 1417 531 415 619 1126 726 1174
708 525 1116 50 531 171 119 1995 120 20
408 1439 1195 416 147 1430 119 1254 841 1343
4 1417 380 347 1081 169 48 207 1903 988
416 66 408 990 415 264 119 394 641 1326
408 47 1537 1471 156 1118 1514 214 49 262
66 1212 415 119 1371 232 1016 275 262 44
282 4 1199 66 534 1257 531 394 998 1022
717 66 490 408 531 415 1369 156 1231 1326
408 125 264 147 42 221 1514 394 1294 520
727 47 1417 996 415 147 725 707 214 263
1471 1195 1835 147 47 10 232 1120 986 12
1439 4 150 60 169 484 983 890 986 262
447 60 1030 841 1097 132 718 445 1827 1821
1471 1116 128 147 1315 156 202 101 259 57
66 147 415 993 1121 182 1893 214 15 1000
727 26 4 169 150 733 1325 394 1174 57
708 1537 1116 1125 531 1016 394 998 1514 262
57 490 189 1335 147 251 841 1120 1247 988
708 416 378 215 619 322 232 979 119 702
1029 1031 264 1030 1893 132 718 145 1088 1174
513 525 853 169 271 1007 845 21 57 1253
26 525 1417 1125 531 251 1510 394 477 320
1326 44 1215 1318 1382 500 1120 1330 407 1197
727 1909 43 535 113 847 488 477 726 262
727 1290 147 169 1146 255 214 207 986 18
708 259 147 338 119 234 207 278 262 323
408 4 1425 147 234 182 212 21 259 44
157 1029 1031 1030 1514 488 132 718 309 1174
416 408 1343 60 50 725 147 232 262 1253
26 1481 169 714 445 1088 718 502 57 988
408 708 853 60 415 169 207 1426 1343 988
43 154 997 147 119 714 277 1455 439 1326
1004 1231 66 147 83 221 232 145 809 18
1586 10 490 427 533 184 841 714 1903 262
125 1125 119 471 641 48 145 21 1326 1903
66 1195 1425 147 208 119 221 1893 259 1913
408 66 1195 189 147 2 275 718 1120 477
708 66 490 416 119 471 48 275 21 693
127 26 43 1000 66 533 394 862 1174 20
157 408 126 66 1126 841 48 1097 309 1326
243 4 1835 469 251 1510 232 1118 132 1326
980 727 1195 10 531 264 234 255 1767 21
408 1212 44 1073 214 1022 1286 986 262 1197
727 1023 392 531 221 119 102 702 278 262
408 1195 490 498 725 147 415 295 504 986
169 251 688 1577 202 394 500 1497 1330 1174
727 43 210 60 842 232 445 122 1827 1909
408 1004 147 133 119 232 182 1097 1526 1343
416 1212 415 1096 119 130 841 453 278 986
408 416 1417 1430 441 727 1371 145 278 1206
416 299 1433 686 119 130 1514 841 1099 145
408 415 147 531 119 599 500 211 986 44
408 525 147 415 531 1081 207 211 986 1174
348 184 531 415 133 536 837 1514 1426 20
243 184 829 133 1104 847 427 48 841 132
408 1004 1212 147 133 119 710 488 1286 1330
996 4 1425 415 182 48 1243 21 726 44
1029 264 216 251 169 500 845 718 49 132
408 66 1231 147 2 182 998 976 44 323
727 408 1417 1826 415 132 49 309 1174 262
1231 32 271 394 837 500 718 309 214 127
408 1195 10 147 394 207 1120 145 1174 20
66 1231 169 1335 533 1349 295 17 1426 1326
1417 169 1826 1335 1369 156 1437 214 1286 1821
264 415 842 1510 232 1146 1514 1411 263 1326
416 727 490 169 703 842 619 128 988 262
243 416 1174 264 222 619 394 1091 12 1326
708 1195 147 133 182 207 1466 1034 704 1174
282 708 490 441 993 415 1014 394 1239 82
416 727 14 408 467 264 301 394 1174 988
416 1130 1116 1471 1399 534 710 841 309 262
1372 1004 686 1471 1231 169 232 275 529 44
323 1195 147 133 688 710 234 21 12 259
408 4 708 60 147 232 1016 1097 1120 1426
1130 1430 531 224 2 415 1014 182 21 262
416 126 408 619 1241 1016 394 214 232 15
1859 490 169 302 441 119 1518 1120 986 1317
408 1537 1195 1231 415 531 221 533 147 1326
4 1116 169 993 280 688 1471 862 714 1174
157 1417 1125 147 133 1433 232 59 49 1000
727 1439 1195 50 993 66 1335 295 1014 1653
498 490 427 1866 437 1952 841 1514 845 1253
727 154 993 232 394 1022 1120 986 462 20
727 686 490 48 1508 1522 1411 714 1174 1000
490 169 1417 993 440 710 841 1091 845 222
1471 1231 147 133 531 232 1016 1081 1097 1334
416 1379 264 58 471 837 539 278 726 1206
408 415 224 198 1016 214 275 212 262 20
1195 10 147 415 119 1371 841 132 262 18
727 4 686 156 1729 1514 841 145 278 1174
408 4 169 147 156 232 255 275 841 488
31 60 1417 133 147 531 1097 1565 262 465
467 4 708 147 993 688 1016 394 202 207
82 1231 169 415 1335 471 841 1177 1343 1247
408 154 43 117 996 1014 182 275 1913 244
66 125 1125 298 232 1014 214 49 278 21
66 1125 133 119 394 275 48 900 1326 1348
996 66 242 2 182 641 211 21 44 262
727 1195 408 264 415 119 130 145 1913 1000
727 66 1417 264 1195 1425 199 1371 49 309
498 447 1728 251 1755 132 718 145 1174 1088
408 1268 1116 1471 708 119 394 214 317 1326
727 1430 416 14 1215 710 641 212 1326 1343
708 323 133 995 1514 214 1120 1330 1174 320
416 1610 490 1023 1329 347 708 1146 1326 1000
50 117 380 1369 156 232 234 15 477 20
1120 1195 147 119 214 275 145 259 262 263
43 727 490 184 216 207 488 278 1326 127
727 708 147 119 322 1002 1325 1120 12 1326
727 1195 1116 169 993 221 156 714 1091 82
1000 764 415 202 394 214 1227 15 21 348
727 408 415 1335 119 182 214 211 21 986
1859 498 1417 169 742 504 130 1794 1120 1000
408 66 1417 133 119 224 275 845 1120 44
408 513 264 1252 1514 1007 49 145 278 1326
66 1125 147 42 119 1371 394 207 1120 262
727 264 169 392 531 202 1097 309 988 127
467 66 1597 415 842 394 207 270 262 1253
999 477 157 156 270 132 718 779 863 18
408 4 490 50 1290 264 113 1130 214 986
427 199 443 1972 1360 1088 1903 477 500 1893
513 129 14 490 1175 48 841 718 309 57
1430 490 169 725 31 714 718 145 988 127
498 14 1215 501 1371 488 1091 718 252 18
708 262 415 1126 202 156 214 309 988 1174
1130 147 289 232 1371 394 405 1120 15 262
1120 66 408 20 1104 1014 212 986 21 259
408 693 169 725 156 214 132 718 1326 18
462 408 147 394 59 275 1624 278 1330 453
26 1212 14 150 531 415 1325 483 986 758
1231 210 1100 322 207 214 59 278 998 1253
727 157 686 1231 1577 234 1091 718 1123 262
147 119 1241 202 1104 214 845 1091 255 1343
408 147 1510 119 1515 841 234 212 986 262
320 66 993 147 119 232 845 1120 262 30
408 66 415 294 119 394 212 22 21 20
408 47 66 708 125 531 119 295 1120 15
125 531 1335 430 182 1014 979 275 986 12
23 14 301 837 500 453 1236 278 1326 841
727 408 415 504 714 207 49 986 263 20
498 1417 1195 130 48 214 1893 462 1120 726
408 43 44 380 221 142 1120 1109 726 1326
416 4 993 133 232 89 841 422 223 986
1195 66 147 208 119 1335 130 415 1022 477
1423 416 1417 707 531 688 317 49 79 1000
416 125 498 469 133 619 1126 1088 1120 1426
708 1 66 703 355 113 714 685 278 20
727 157 1465 1014 1514 1421 998 145 1221 79
60 169 210 147 232 1325 322 255 1120 1174
996 4 711 10 241 235 531 50 842 14
43 408 157 1031 271 133 119 285 202 1174
20 498 408 21 837 48 718 477 826 18
282 727 264 232 199 979 488 252 500 1247
1909 1537 1030 130 841 207 504 1382 704 20
416 1004 60 415 725 133 301 309 262 1653
43 66 980 1125 147 2 169 295 1539 1767
727 31 150 531 184 533 232 1426 988 1174
1029 1031 264 842 1897 1030 1893 132 718 145
1120 378 130 1097 202 317 178 21 1094 323
708 416 1430 408 415 147 295 1014 979 718
416 4 727 169 842 147 394 275 1286 309
490 14 842 184 1510 1824 1118 145 309 477
1125 147 302 119 728 394 223 211 21 259
21 4 43 50 117 408 214 22 262 134
4 1195 50 147 302 531 1335 214 1120 12
4 285 728 1254 124 290 1222 21 310 1913
996 243 490 1231 147 1215 48 278 1343 1000
408 66 1231 415 1014 394 405 207 317 320
727 251 1335 156 504 1514 841 1767 986 1326
408 1195 1425 66 147 224 415 295 1014 207
1004 853 169 14 1510 1126 232 48 309 1000
408 4 262 147 688 119 718 539 145 259
1317 408 853 264 1369 232 1126 856 21 82
727 490 169 725 1514 998 500 488 122 988
48 896 500 107 998 445 718 1906 145 18
1317 257 14 169 264 1126 322 500 309 1000
708 408 1231 1116 147 725 119 19 1120 1239
1004 147 338 171 232 710 983 212 1120 1088
408 66 1031 686 996 1430 1030 301 1014 262
1323 4 264 147 232 1016 277 73 278 477
50 147 1564 1371 119 841 142 1794 278 127
498 169 50 251 1510 471 500 477 46 127
1031 169 42 1030 156 202 488 647 309 1821
727 498 264 725 133 1118 462 477 726 145
1195 1008 50 264 232 502 453 278 1221 262
711 147 256 642 457 1229 502 841 347 477
490 235 1081 202 301 1007 145 122 855 1174
727 842 251 58 1081 531 1371 998 1856 477
416 408 21 182 1508 1091 1022 278 85 986
157 726 1231 60 988 998 718 145 1174 1526
243 1134 490 264 147 727 504 145 477 1326
708 1417 169 415 347 688 350 145 309 1526
408 727 189 1081 42 714 255 212 986 18
727 4 447 169 264 1030 500 998 1821 726
408 498 1195 66 133 251 119 841 394 259
727 66 264 993 232 182 1391 1767 278 1000
408 4 1116 1130 221 1471 207 1435 1120 726
408 66 440 169 117 119 199 202 309 262
43 1439 764 147 531 1240 394 214 1893 1913
408 4 43 531 373 995 232 394 714 1326
1407 4 1004 280 114 1317 1118 21 587 262
727 490 128 147 415 1227 394 214 15 12
693 125 727 234 488 290 998 999 439 262
408 490 210 189 119 1371 301 1097 983 211
490 264 1252 251 1371 1126 1514 59 453 471
1219 531 133 1121 216 202 1273 214 21 22
727 467 392 1081 171 1514 998 500 1097 1326
408 50 216 531 1335 415 232 223 122 1239
243 66 4 415 1568 1437 298 866 994 275
1281 525 490 993 842 119 232 1510 21 262
243 1326 14 169 725 309 718 986 211 1174
980 708 373 338 322 255 1893 309 1280 702
490 184 14 169 725 415 488 477 988 262
727 408 14 169 1081 500 845 488 1174 18
408 66 125 147 710 182 1014 275 1275 232
283 1212 1023 993 415 119 147 1995 1644 44
262 66 1195 5 82 119 212 986 145 18
283 408 147 133 119 232 1514 718 1174 57
416 26 1004 14 725 66 10 257 48 309
416 66 4 1215 147 48 211 21 44 278
416 708 18 1430 1004 202 1514 130 132 1317
408 1372 531 119 1510 1092 841 211 726 1174
1004 184 169 531 264 285 1843 278 309 1253
727 1130 408 264 47 1637 119 1118 1508 693
408 66 21 147 1014 275 145 477 988 262
727 66 416 147 415 1014 394 1382 259 262
43 1195 66 415 147 289 232 1014 275 1326
727 490 119 1846 841 48 1821 186 1827 1823
4 264 415 133 147 48 132 21 1330 310
1004 163 60 169 202 61 488 471 145 1174
727 525 43 415 769 119 504 130 841 132
408 66 4 182 207 214 1294 999 986 44
708 1471 1417 1125 119 232 718 1334 21 1120
408 1004 727 1290 202 1118 49 986 309 1847
1334 147 224 1564 119 394 1120 145 262 477
708 125 408 1290 147 415 1349 322 1014 262
262 1842 169 189 232 1126 500 845 320 587
467 117 1510 119 394 214 1120 21 986 259
66 31 993 1335 147 199 902 1893 1120 1326
66 147 83 119 232 415 394 500 214 1391
1031 1728 1030 1729 841 1893 1088 718 145 11
20 408 113 119 182 89 1120 21 986 1348
1004 4 1126 156 1514 207 718 309 1174 82
66 50 147 221 1371 1014 1120 1218 1913 49
1130 1471 147 1081 224 1016 277 1334 262 1847
43 408 1195 725 147 119 1095 531 1893 214
762 1430 147 322 710 1995 1016 278 320 323
408 1439 66 1597 147 1290 47 214 1767 1022
727 1215 725 1290 169 1126 232 986 726 1000
282 1187 490 1835 511 416 232 48 1155 587
996 66 531 441 710 1014 232 641 1767 211
1439 66 113 83 221 1315 1539 1767 1843 986
408 4 1174 1231 216 323 214 275 262 1253
408 1195 708 50 147 224 1120 134 328 701
1120 1426 477 993 208 1893 211 1109 986 1326
408 66 1231 133 119 182 207 718 21 262
727 346 1842 1637 1369 48 1624 145 309 988
282 18 262 169 1174 1081 1335 718 1343 222
408 66 1195 415 355 147 295 1014 841 20
727 1471 4 117 1120 182 212 186 986 5
408 531 147 119 995 415 182 211 726 1326
708 1195 764 415 119 1371 1227 527 211 1913
408 4 996 707 147 1016 1273 214 277 477
243 996 66 221 147 133 1371 202 1820 49
725 1217 1510 130 394 1893 102 145 309 693
43 66 4 1125 147 224 275 1120 211 262
408 416 150 415 1335 48 998 212 986 1174
727 441 133 67 688 1371 199 998 182 12
263 490 280 993 415 500 1091 998 988 262
507 408 43 1001 1146 1419 405 954 1120 509
727 66 408 1290 764 125 1014 394 1326 244
408 525 1199 686 147 415 718 1209 527 986
416 47 727 130 841 182 214 211 986 12
408 158 403 147 133 80 301 1146 1174 509
708 184 725 150 703 427 707 147 488 1893
43 66 262 147 1492 90 73 278 120 12
408 727 43 1004 221 147 202 212 986 1174
727 1439 147 534 119 216 714 102 1222 262
708 43 50 415 119 488 211 1239 1174 120
708 1397 264 133 232 504 48 309 262 477
1195 147 119 232 322 182 207 845 1120 20
43 1195 66 147 415 224 2 182 275 44
145 4 1828 147 232 714 1286 986 44 1120
158 66 1004 147 2 1121 916 1767 1426 309
170 1190 119 2 1411 863 277 394 21 1000
4 66 1125 415 1195 147 1371 1893 207 38
708 275 169 714 422 620 718 999 1411 1132
408 4 1244 727 147 1335 498 841 1120 49
408 525 66 147 394 1893 211 309 986 262
996 408 57 271 871 234 710 322 1326 988
415 208 119 221 319 394 1514 21 1913 262
996 243 408 147 531 1371 1014 214 211 18
727 996 4 264 216 133 437 184 130 1514
14 853 31 842 48 1091 1514 998 145 18
26 1004 60 415 150 169 133 725 484 262
4 993 475 133 415 398 202 214 262 1174
498 1417 4 1004 199 837 132 49 1174 262
708 147 2 1104 729 1014 1120 21 259 1327
221 842 1335 123 182 255 1176 1893 21 262
996 1430 1116 262 708 1081 119 21 22 263
498 1029 725 216 1030 301 1514 841 132 718
18 686 60 113 1371 156 36 1903 1174 1000
1004 1619 169 1417 189 156 130 841 1325 1088
157 408 686 31 986 234 641 309 263 262
1031 264 199 1846 841 1514 1088 718 309 986
127 1027 185 686 119 202 1514 214 1174 1317
415 119 295 182 959 729 211 22 12 21
262 309 169 302 147 295 1014 477 12 1913
4 50 242 193 1254 956 837 207 1016 145
416 127 94 119 437 214 1843 477 262 1426
408 283 490 119 394 1091 1120 21 262 259
1195 184 147 993 193 1335 1014 415 937 44
262 498 1195 1425 119 295 394 132 12 220
66 50 764 1335 995 295 533 22 262 18
408 1425 47 147 221 295 394 405 1120 986
498 1004 42 119 500 1022 145 986 693 44
408 727 66 416 147 221 119 1120 309 20
150 147 171 1510 232 202 707 317 1120 262
1019 31 264 1356 67 169 471 202 1387 348
45 1031 1552 1893 445 500 718 1821 998 1909
417 66 232 295 1508 845 145 477 262 22
1031 1728 251 1030 1729 841 1755 718 145 693
259 66 302 1125 167 998 1120 21 986 477
498 31 1882 1267 1421 16 1893 462 262 1265
727 4 1439 169 1004 1081 533 214 1343 1174
1425 4 169 1125 688 1893 998 212 22 278
243 66 125 993 415 119 221 182 21 1326
4 147 77 119 232 202 1081 214 1120 986
727 26 264 133 1030 841 500 1097 718 305
727 4 1439 1215 355 289 1001 1173 262 1913
408 128 169 1335 619 415 202 301 986 693
996 1004 169 147 1081 714 488 1995 1343 1174
157 739 965 184 169 171 534 471 1097 262
1537 264 133 285 199 130 301 500 726 1077
408 221 147 415 347 1514 350 1893 693 1000
1174 1004 1231 686 347 842 234 1426 988 1317
727 717 378 264 147 251 1577 725 1514 988
408 1195 264 147 415 394 214 1903 22 1326
408 1991 1231 1313 415 232 1590 462 320 1197
416 1130 996 128 18 1076 937 1218 262 44
980 243 1231 707 534 83 1515 1893 1413 21
499 1425 708 119 207 214 1120 22 21 259
708 66 1023 1016 48 1091 1120 477 12 262
169 347 210 842 199 202 234 500 235 502
20 1174 988 147 251 1893 718 145 693 127
727 125 31 60 1537 130 1097 488 1174 988
1206 1195 147 338 415 119 223 406 1089 1177
727 1029 283 842 1114 289 394 1022 986 1000
4 1537 66 347 688 301 1514 275 845 986
320 4 259 147 255 207 1120 406 262 82
1231 490 216 1081 119 710 459 998 278 127
1004 150 169 531 210 232 484 60 725 986
1379 513 1231 1201 264 437 133 1118 132 539
408 1425 1417 147 119 214 1091 1120 1913 18
408 66 1212 169 725 1335 1081 302 21 1247
408 1174 1417 490 156 841 1120 145 988 1000
157 66 117 1371 471 841 488 49 22 134
408 1231 241 147 119 862 394 1171 1120 18
50 993 147 415 1492 1014 956 214 134 1533
26 727 150 119 841 500 145 1426 38 726
1253 490 264 271 189 232 1118 1097 1174 20
408 1195 490 169 147 83 119 415 224 259
408 20 1183 147 993 415 841 22 262 18
727 1086 208 119 841 500 252 1120 986 1000
282 1174 490 1215 1514 502 1767 998 726 1326
26 1425 14 727 147 1290 150 211 477 999
708 408 1417 707 147 1081 119 1116 1471 725
157 4 1231 235 133 856 156 49 21 262
408 66 416 10 31 133 119 182 394 275
408 416 686 1430 147 965 48 1109 1206 1326
43 4 1175 1514 998 983 1120 1426 1526 20
10 147 119 89 48 394 214 488 278 20
408 66 43 169 189 1029 119 1030 477 1174
408 1004 545 199 202 841 214 1893 21 1317
727 50 1335 533 413 1396 211 328 12 22
416 995 322 502 837 453 464 477 1343 278
408 1219 169 147 415 232 156 714 394 986
243 1135 496 199 471 1893 178 246 15 662
727 66 264 133 119 232 1917 301 102 262
43 519 189 1118 1421 488 1171 504 142 518
4 169 1175 1371 1325 232 156 1426 726 1174
243 416 10 221 842 264 471 278 228 1326
282 66 14 1537 490 146 1371 841 1014 1767
408 21 1116 415 2 119 1222 212 1326 44
66 490 133 1369 1126 1325 714 232 845 1317
408 704 147 224 207 275 718 259 1326 18
47 1125 415 147 1510 133 301 211 262 57
727 354 1004 60 232 301 745 1893 132 39
408 66 415 215 322 48 979 21 100 702
996 302 868 119 1270 841 685 394 21 1253
243 1004 133 847 232 1325 1091 477 988 262
1374 1439 117 147 119 1121 214 275 100 1000
1086 199 232 1514 36 453 59 309 21 295
408 66 14 1215 147 1439 119 224 212 259
408 20 47 380 147 355 1215 216 714 1253
408 1004 31 150 467 133 232 214 1174 1
4 1116 128 993 234 1016 714 214 394 309
708 702 114 213 1243 232 471 1239 1094 262
447 1029 1728 264 1031 1030 1729 1032 1755 718
1004 128 725 156 202 301 277 718 309 262
490 150 519 437 1369 484 488 309 988 20
498 1031 1030 1915 1729 841 445 132 718 145
416 1425 43 1212 147 133 619 504 998 1174
490 184 415 355 147 199 273 302 262 1253
21 1008 133 48 998 394 211 477 1174 278
43 525 1125 147 119 394 214 1120 986 21
416 988 169 216 437 1369 251 1171 1343 1000
408 4 316 1921 182 317 214 529 21 323
243 1195 147 1335 1014 1411 1294 1508 1247 1248
708 323 1231 60 158 338 862 1171 100 18
708 1471 1116 147 415 1240 119 322 36 323
128 60 171 1369 156 301 1325 1514 988 1847
1212 415 147 1510 232 1240 1514 1120 986 262
727 1195 147 294 338 1001 322 1522 1120 44
243 10 133 688 232 1371 275 406 986 1253
1425 154 1835 210 355 2 1014 1767 211 21
649 10 133 842 769 471 48 159 1903 702
467 4 222 686 302 1508 841 214 407 1000
1004 169 725 150 729 301 1097 232 1767 277
408 440 169 686 415 714 214 718 986 477
66 50 147 415 1240 232 1014 394 1330 1247
264 707 193 995 184 202 471 1510 1239 701
157 408 210 725 169 1514 277 986 309 20
157 243 31 184 14 1325 1097 484 837 465
467 525 1835 531 117 119 504 48 275 1326
169 842 1051 710 202 48 156 1120 999 1856
849 1219 1439 1582 147 119 710 394 1152 986
243 498 1426 531 437 251 301 309 278 477
157 60 169 475 725 531 1096 61 533 309
1195 531 224 1369 182 488 275 527 44 18
408 988 251 232 714 488 954 211 986 20
727 262 490 1125 133 202 394 500 1174 18
1029 1031 169 216 133 251 132 718 49 145
26 1425 1004 20 467 1215 215 378 232 127
66 1231 264 535 1335 415 133 147 529 702
1004 490 1537 1195 264 1371 1126 841 132 134
1195 1215 242 147 119 1371 1091 1120 1343 1253
243 1195 408 441 119 234 202 212 986 1913
727 1231 117 147 119 394 275 1893 15 1913
169 725 1637 119 232 202 1104 488 1893 320
708 1231 117 993 224 338 264 1146 147 277
708 407 147 1266 295 1014 1624 702 1218 323
43 408 42 119 232 1118 841 477 463 15
727 408 467 519 224 232 729 841 477 1248
498 1231 264 306 133 251 169 301 837 36
26 150 842 1648 60 1126 471 21 988 726
203 1439 525 1116 147 133 169 1893 22 1174
31 169 490 1104 1325 1544 718 21 726 1903
408 262 392 769 130 841 1209 1110 1343 999
507 708 1116 725 415 147 1893 90 999 262
686 531 83 294 133 1022 1209 1286 262 21
416 4 727 1430 392 842 394 207 21 1326
416 1281 1417 1215 490 1126 539 1120 855 262
1004 1212 1231 415 531 1537 66 1426 1174 309
1004 686 169 150 60 306 1369 488 477 1174
408 66 1195 264 147 133 232 1014 48 277
1827 1029 1031 1030 1893 445 718 1052 1894 49
43 4 47 26 66 1439 1417 1411 21 986
727 66 60 133 232 214 998 1120 986 1174
43 125 1004 150 1632 1104 486 337 1995 1426
66 147 133 531 199 48 275 1097 309 262
408 4 1195 221 415 842 394 134 22 986
243 4 66 169 993 269 1371 394 102 259
23 66 31 490 113 521 471 956 278 1326
184 1655 856 398 1097 488 301 145 1174 20
727 996 1195 147 133 1126 837 714 214 259
1174 727 14 416 355 214 405 309 986 477
727 4 169 842 147 714 48 49 262 1
408 1195 147 703 119 232 415 214 986 259
212 1326 309 441 1091 845 1767 145 244 21
1282 1425 1439 408 415 338 841 1533 1247 520
1537 147 199 182 1318 1294 178 278 21 1109
157 1000 66 1290 119 232 212 1120 12 726
727 66 408 392 147 2 394 841 15 120
1820 1031 1369 1030 1874 132 718 309 477 1827
66 1027 415 147 119 710 113 48 531 39
996 66 1195 50 147 415 221 1014 1542 12
147 415 119 394 214 255 211 1903 120 1221
408 1195 531 2 119 415 1014 998 100 1000
543 280 264 1512 1459 64 862 275 1064 85
708 4 490 1125 185 147 415 322 1016 21
1526 490 1008 147 769 119 1120 309 1174 477
4 10 302 147 590 156 202 504 415 57
727 4 415 133 1016 48 998 1097 211 12
708 18 262 1221 704 251 619 999 134 38
727 525 1004 169 147 415 80 725 61 309
1195 415 147 289 119 338 1903 22 1913 38
157 47 490 31 43 437 285 130 278 1317
903 364 415 703 707 710 841 317 21 262
416 467 490 242 232 275 1496 214 277 262
66 1116 1125 415 1371 394 275 477 1174 320
1004 1417 169 1116 1081 133 199 986 1174 702
408 1219 1130 1417 534 133 995 1514 214 1097
408 1004 1195 50 415 1116 1471 1022 207 704
416 408 66 1537 147 1081 4 1231 841 222
708 66 170 1371 394 998 841 1120 999 309
26 4 1231 150 169 415 394 685 986 309
157 262 1425 169 147 119 1097 1659 1174 57
1109 416 490 169 42 1514 841 309 988 1174
169 298 1655 232 89 202 471 718 1174 390
1537 14 169 298 322 156 841 1995 1174 20
66 1471 725 119 322 1243 223 48 1767 262
125 1008 113 1252 322 504 89 73 477 57
408 66 1231 415 147 224 182 207 1767 1174
408 708 323 43 193 119 394 207 1239 82
282 264 1126 839 1171 142 841 471 726 988
408 1195 43 415 147 119 394 214 259 120
849 708 1417 169 1004 1637 232 718 309 1526
1004 14 531 301 841 500 132 718 477 1000
708 4 347 1240 1371 232 1514 214 1396 390
408 4 66 147 322 641 48 259 44 1378
66 525 534 232 714 824 488 529 1326 1174
43 4 1231 147 224 182 1120 21 320 262
66 519 264 169 119 232 202 1209 1174 20
66 224 119 295 1917 394 1294 1120 22 12
1130 490 1212 415 1399 50 1318 826 1218 212
43 1004 490 169 184 157 202 841 488 1174
18 408 50 1240 1126 275 212 477 309 1317
259 4 66 147 415 1095 275 22 21 44
416 10 531 842 199 182 1016 278 262 222
408 66 1195 147 224 119 415 278 1326 244
262 490 147 1030 1369 504 1465 407 1174 18
717 408 150 842 169 232 1118 309 1426 1423
416 1430 490 1121 1254 232 714 278 262 44
416 1195 10 993 403 147 234 841 211 1326
727 1174 150 130 202 841 89 145 263 726
416 498 490 408 1539 714 841 277 211 1343
467 31 10 2 295 1002 714 275 1371 1120
66 147 531 119 371 232 1335 275 1174 1317
1212 1195 490 119 995 202 214 145 986 262
4 147 415 124 202 207 59 1236 278 726
520 1248 1326 1031 1081 119 1243 145 726 1174
1281 169 842 437 67 199 1118 998 1319 1326
708 408 43 117 415 119 322 1995 21 262
408 1231 1290 147 150 169 211 986 1120 702
1537 31 490 128 133 169 1514 214 998 718
163 113 77 1081 710 1097 207 49 986 704
416 66 147 208 1030 295 202 837 182 211
727 14 264 133 841 500 48 101 837 82
1379 1417 32 147 338 322 1126 207 988 1317
408 498 117 147 119 1797 845 122 145 20
408 66 1417 853 437 1126 232 1118 132 310
416 222 262 202 301 214 132 1428 1343 1
408 470 1315 199 1118 394 641 102 1893 127
1537 1231 1195 232 504 394 59 1995 21 1221
416 1537 842 619 847 156 1209 309 855 726
323 1004 88 686 392 133 531 841 44 20
26 1004 1537 60 169 467 232 1330 1174 693
416 1430 519 535 1341 1215 1318 691 100 82
127 467 264 221 531 48 178 986 262 1317
996 1195 66 259 232 275 211 21 986 1913
727 1004 163 1827 1826 232 1192 1821 1174 855
1497 993 437 394 277 1767 718 1330 463 714
408 154 708 147 842 119 415 48 259 21
21 66 415 119 182 1419 1767 22 134 259
408 498 1231 1195 251 224 841 1508 259 1000
26 1471 221 251 232 841 920 145 262 1197
1417 686 133 1227 394 1508 252 718 15 1847
853 1826 1031 1851 202 841 132 145 228 18
26 1004 169 150 1081 133 232 83 1097 1174
1281 1195 1430 1125 1290 295 1014 1508 214 1343
302 147 224 415 232 1318 394 2 11 262
1029 1031 169 490 1030 1421 841 1088 718 145
727 408 1537 415 285 48 145 1109 693 1343
513 43 128 1215 1369 1126 1099 999 988 1326
686 147 415 1254 1014 714 275 1294 259 320
727 4 853 169 842 408 156 1126 1120 1174
408 708 727 521 415 125 322 1273 394 130
47 1116 128 993 133 703 232 1023 1120 262
1130 725 1081 119 294 714 529 21 1174 262
408 23 4 264 113 179 48 21 278 1326
408 306 531 171 1369 322 48 212 262 988
408 467 47 1125 531 147 119 710 958 18
4 725 224 993 1081 90 1120 1109 1174 988
43 727 1116 1125 119 199 1371 394 48 999
1195 1116 4 147 170 66 1120 477 406 1330
262 1537 406 996 1648 394 145 178 988 1317
262 264 147 119 1514 277 394 1330 278 12
43 66 380 221 993 1223 232 147 1120 1247
1886 14 725 251 842 1231 264 145 309 1847
408 31 32 490 133 841 500 212 477 57
531 415 119 232 147 48 685 841 1893 986
128 169 285 184 1126 295 1514 998 1382 726
727 708 66 147 531 224 1014 182 1109 21
727 4 43 169 1081 130 1514 998 500 1174
43 1121 1001 202 1508 1767 1903 1330 693 1000
1004 1471 169 355 119 1325 979 277 702 1174
727 408 1195 264 842 147 119 1335 48 1913
408 1537 1195 708 764 415 221 1821 1174 1827
1439 1231 31 490 133 1603 1371 125 841 145
708 1004 66 1417 993 232 295 1767 21 263
490 853 169 133 202 1797 845 718 1822 1474
43 1195 66 1130 415 147 208 380 1326 44
996 1231 1597 232 471 1243 275 986 1856 20
408 1004 1231 1219 1125 708 156 1371 1097 1007
408 66 440 1290 441 415 221 275 85 44
214 477 686 232 275 998 1222 134 309 348
525 184 147 531 706 842 1014 1016 309 522
