353,632,1158,1025,1523,342,1973,1206,1574,1991
1898,573,1289,605,1297,755,1195,1561,1649,1623
934,607,1804,961,317,238,1778,1947,1303,817
1198,173,1769,1099,873,384,67,226,522,1997
1099,1216,1527,606,1900,773,1353,164,1443,842
406,1992,771,1506,63,1694,806,799,1953,96
251,1631,1844,394,136,319,1040,1220,612,1465
700,618,1979,1225,1880,1994,437,657,370,748
1208,932,1082,633,1795,1171,1001,1629,1134,1866
727,632,1799,930,1032,410,1354,1700,1029,1876
1218,1377,1622,641,1062,665,1746,1600,832,1655
1316,207,1180,1494,1050,1133,1728,539,475,368
519,152,350,1115,1086,153,1596,661,1433,749
84,619,1243,1472,907,1798,1274,212,1863,1847
4,110,852,1388,388,803,1156,405,829,750
436,1710,1349,270,620,368,915,1048,801,197
749,329,363,747,180,1176,760,784,290,1558
1349,1988,1882,735,1760,70,1253,189,1553,1905
1660,856,1738,519,163,1662,1754,1915,810,428
183,1611,1106,1192,1839,1331,401,948,1933,1321
1587,1571,1038,615,432,1179,231,1172,1893,1037
422,199,1812,525,945,77,598,1664,141,1541
757,1474,1506,234,764,928,384,1192,1498,1895
1211,288,888,1631,1860,1746,145,843,1178,1900
466,207,1546,1140,1529,488,1079,620,1125,1673
936,1317,1765,1311,203,238,524,1031,953,708
1484,1666,275,1914,679,1038,128,1679,1299,1031
1543,889,731,1081,494,298,351,383,1566,645
716,780,1451,435,1254,427,267,1261,635,820
684,1568,1104,1629,1922,1061,1183,894,1654,1594
347,1478,613,1391,1749,554,912,281,1136,160
485,1219,360,1984,1351,1469,3,1293,1825,1077
439,298,621,963,1585,1125,1319,1829,551,502
1084,799,1352,1339,1474,1818,287,234,2000,865
1480,1199,787,172,1961,1651,1507,1663,664,134
513,494,3,1735,1334,331,100,1898,704,63
1378,674,1998,697,1169,1917,140,111,1582,961
1223,25,726,1119,540,1213,1447,1558,117,1617
1404,1738,233,246,1739,619,1539,541,1525,1019
618,1245,848,1205,986,1881,313,560,1752,690
1175,677,1408,1944,1842,924,1891,1192,1554,943
1280,1576,1057,1276,417,1630,25,859,812,1851
1606,1554,1835,525,1682,10,1542,1964,154,349
660,1101,940,1592,1030,1498,100,1032,1899,1936
538,1153,250,1095,121,719,17,818,552,704
998,647,651,1626,1663,1127,611,180,1171,1962
244,1249,160,993,1412,1551,57,1904,1084,21
207,1631,572,562,826,550,1170,576,1191,543
1994,882,1808,1981,1029,552,1490,1073,1458,1682
692,1661,961,1617,576,74,151,1494,180,1745
862,302,1050,1945,1606,1176,1281,1675,1915,188
469,204,1228,1336,323,1450,1367,305,1084,659
1253,873,722,909,60,1122,995,216,394,787
244,292,887,504,1525,1305,639,214,861,854
1923,429,1897,599,1010,1566,1385,678,1395,891
1001,1455,1666,1566,1225,1781,358,668,256,1379
510,431,157,1498,1478,370,1754,597,1329,1709
1563,1565,787,800,560,786,198,1575,1191,301
1464,647,813,157,792,52,384,408,1593,1724
93,1529,1888,1849,817,1659,688,884,820,325
1794,499,99,251,482,272,752,1438,1154,550
262,1858,203,1373,1367,2002,508,490,647,689
500,963,1774,996,1678,1594,71,1639,313,945
1175,1895,776,230,139,1109,477,959,695,1769
461,1381,1276,624,366,1798,1795,689,688,1148
481,972,1428,466,1300,1717,1164,573,708,616
1333,900,1395,976,58,1841,1385,1867,60,563
538,2001,1557,597,1159,1114,40,758,737,552
233,1009,1611,1202,1594,1157,1642,237,527,1819
464,1755,513,1828,618,411,1404,1093,1279,1540
666,224,59,1094,1965,453,296,258,836,1285
870,1631,310,1025,222,566,1174,360,972,1020
518,76,660,1292,1291,1992,1962,1174,71,695
1021,1391,808,1902,864,152,378,1772,265,1574
1028,352,1323,1018,1278,1378,1229,1463,488,1567
126,471,1100,334,675,1140,1890,245,631,1645
533,1978,1734,397,1958,1610,1089,1051,685,797
364,1582,1833,768,1061,355,987,106,184,1031
1278,326,194,1879,1414,1361,1096,501,963,1356
1870,509,831,79,133,1985,967,758,1875,353
169,900,1270,1550,1451,841,739,293,417,630
421,1748,331,1694,831,1041,1471,1884,1601,988
379,483,453,1314,730,1582,1292,1084,1107,1832
528,906,1397,1438,1520,275,1760,1812,711,594
299,1068,1706,999,160,1301,923,874,72,1541
404,460,690,1831,103,1293,1660,588,1634,244
782,130,1432,685,1336,785,21,912,1735,1138
701,128,376,954,1177,1154,1942,523,1269,521
1016,1621,503,813,1134,1786,85,735,1318,836
720,1582,1976,1697,1780,1614,235,1046,1092,549
716,898,313,925,1356,969,760,466,1535,1440
254,309,649,937,803,374,1842,535,569,660
1404,1547,562,659,586,1310,1079,1210,161,444
712,1607,1884,1773,633,1443,1173,70,926,1655
256,1483,328,1420,478,417,466,479,1788,407
1217,1829,1040,1459,792,52,932,1741,6,550
1243,199,1343,77,1793,1892,1034,366,390,878
1226,1291,567,776,675,1754,674,1100,1505,957
1103,907,1561,1918,1965,1898,852,662,1959,358
716,973,14,1664,1292,442,1491,1610,390,901
105,1907,1474,14,347,1626,327,1549,123,559
44,1673,1007,1875,1014,1139,418,1057,1841,1087
1610,1972,283,1340,649,308,587,1066,1632,104
299,1295,925,1277,1694,101,1767,252,1937,1372
9,1668,993,1071,1882,806,346,604,1149,799
706,1082,1596,1947,1406,611,411,1318,856,542
1094,662,1635,1525,218,361,1052,1700,1462,186
1898,260,1949,891,942,381,894,659,863,458
464,46,1656,849,1507,1242,78,571,548,1945
1175,785,850,1083,1611,399,425,362,245,928
256,1671,1508,242,1358,179,1994,832,130,1967
421,254,1567,124,1644,895,1950,1450,614,1210
88,1522,1018,1438,1906,1941,530,401,1400,1327
1333,37,925,365,463,881,440,1127,93,1467
1897,747,1174,565,953,141,541,1432,560,1904
1208,1243,882,1319,1548,454,758,1787,181,578
759,82,880,130,248,815,247,1386,714,1021
294,1824,1830,165,607,888,1586,83,507,1008
379,1975,1710,1640,1787,1182,797,1527,1030,1514
149,1490,1343,1524,574,655,77,1595,392,137
852,135,1212,799,35,1339,624,298,120,328
1568,1811,370,1726,621,1694,1922,1610,1807,1483
1007,1850,370,755,765,136,273,1418,568,1044
1145,766,1282,1193,85,716,241,1628,938,1450
994,637,972,1102,661,324,1703,103,1556,978
56,1538,821,1637,894,793,1460,1277,1291,1765
1636,1404,1600,101,1333,1342,1802,1632,542,1089
1012,336,1510,1339,1853,1954,973,1183,677,616
1079,242,1805,941,2000,1744,1571,1408,308,660
293,1787,1682,1523,1990,1341,412,1216,1182,581
538,234,1160,417,875,1121,295,44,153,844
10,1835,1662,320,721,372,1753,1402,4,1554
701,460,872,1020,1715,832,1830,170,1195,756
327,1934,1172,293,1472,39,19,551,723,209
846,660,181,1654,1865,883,1345,117,1782,945
346,1085,888,1073,1276,1271,694,627,1557,1592
1039,1000,981,1457,1989,398,244,205,1917,1835
531,1120,1038,1983,238,1620,79,865,1909,522
294,409,496,248,1461,939,1904,520,1169,930
340,994,625,758,1663,1157,1526,137,1197,1693
589,37,871,1637,743,1668,123,1722,808,1632
1734,417,1776,419,1949,932,641,502,608,1636
212,116,309,1309,1326,637,1368,849,1020,1011
485,77,933,1051,1038,1741,609,1436,1541,507
300,399,815,1758,962,761,998,419,589,1560
601,1184,2000,369,482,883,1784,1755,975,547
222,1304,483,879,555,1058,1697,1819,1132,1347
716,1458,234,1619,1068,1032,1997,1414,802,1275
991,1824,1621,496,66,515,914,1354,1911,979
526,1031,386,1281,1907,53,690,1328,1827,563
1467,385,303,926,1758,1786,1838,417,1055,322
1211,1376,694,1033,897,3,619,410,752,1646
202,64,804,1072,1773,1428,1564,1470,160,1851
498,1701,1463,613,96,1781,23,1020,628,318
1251,1191,1509,1339,91,1327,85,766,729,877
617,737,104,1465,36,204,602,511,510,1588
1372,253,1505,1722,1985,1026,36,1108,799,198
1395,1199,107,898,1992,1630,930,60,1632,1927
1407,455,1773,1652,756,1549,931,946,1875,1710
101,70,768,451,1907,345,1918,1843,1640,1372
518,876,1993,1014,441,1282,778,93,1816,1477
1564,1881,1438,170,1857,1904,5,184,861,362
1170,530,66,1199,505,1052,1116,351,257,399
535,818,795,206,1536,1873,139,1291,695,553
251,1251,1970,1968,1199,1147,1443,554,142,433
133,1085,570,979,725,1384,1321,1187,214,1364
993,396,686,231,1893,975,687,859,1669,1371
870,1608,652,1305,1545,51,1446,1077,524,1860
836,1681,879,409,1892,384,1195,151,2000,94
164,462,1223,1122,422,1999,696,1696,1665,1165
345,991,646,1069,103,675,862,240,1778,909
741,84,1054,1300,279,724,1179,174,79,937
1643,458,1604,702,921,583,584,1552,1231,1368
1612,1433,1528,700,1560,794,74,1060,1723,1562
1022,116,1863,1827,1045,1504,586,1949,1789,264
460,1515,844,1933,1435,195,948,175,1148,1363
1912,880,403,1213,774,1500,1235,1743,1392,907
12,842,1452,1367,1624,1296,278,363,1597,1813
116,598,333,0,1795,1857,1339,1644,469,477
1418,454,312,1684,817,780,1600,514,833,1660
1368,1882,1903,1144,1979,990,967,1610,478,809
439,177,1836,1718,686,704,680,864,1299,722
1247,1689,661,1192,744,26,1037,169,1670,24
760,252,1767,1481,1712,1869,119,935,798,404
279,1852,1855,856,1671,608,848,984,1401,1543
1120,613,1392,954,978,1930,1946,197,706,852
900,225,365,1180,1697,751,1823,670,778,177
1498,1367,1583,1093,1378,1928,1784,998,1962,352
977,991,1791,171,1389,1174,283,774,366,1786
1023,1531,1154,1723,1371,670,1018,852,637,249
1216,489,166,126,1395,495,595,349,1280,14
297,1446,1471,172,103,1819,1922,425,1414,894
227,334,1704,1249,1916,314,786,1086,342,1094
1211,1631,300,486,1500,957,1664,395,600,39
309,860,393,378,725,473,1304,460,1872,600
510,1531,1137,1014,1445,1226,568,1944,1156,15
958,1712,1412,917,240,1920,1190,239,137,1880
288,981,410,1026,670,1794,1118,287,267,538
727,1485,517,1986,639,1542,1887,202,421,1516
1246,1264,456,269,1798,1886,947,1060,1818,1449
1502,271,1869,726,1034,1808,854,1170,2000,262
1863,649,1372,102,1562,672,228,533,1301,1578
1208,1315,197,390,710,242,683,41,1995,120
453,1830,971,1212,550,30,527,1808,733,1790
503,886,1101,1482,1441,571,548,1055,831,395
121,959,13,1524,993,599,1559,133,1664,381
1211,1314,1423,780,362,73,844,138,1122,552
16,922,502,831,953,1782,1914,1273,1386,910
1793,578,1703,1167,461,688,864,979,505,1637
57,1690,1800,1763,109,1466,1227,1595,777,590
60,382,729,636,596,222,804,219,93,1312
1196,1339,1845,1745,1193,1391,580,301,496,464
1285,914,74,1456,1584,512,1593,565,1320,1856
2002,1858,1900,752,152,540,1132,1781,40,356
145,307,545,1056,70,1845,1454,707,1377,264
259,1876,1804,663,1816,834,528,778,1015,640
294,1049,1391,1615,824,431,779,538,1118,1782
112,1032,699,1627,408,854,986,1921,1043,571
839,1009,1952,1488,1789,1133,508,1366,663,456
1564,630,880,1493,905,99,1179,1111,280,1308
512,1197,1342,1297,530,1888,1999,49,917,586
728,4,1519,484,1124,412,846,1723,1813,1047
197,33,197,1670,1528,423,666,1589,1903,906
996,1638,1626,1269,831,1450,367,369,1430,1644
867,1603,817,1836,1749,931,1981,993,145,1481
763,802,477,985,339,474,827,756,381,129
203,906,1803,1565,304,1931,667,1906,338,1738
863,1266,353,600,412,499,50,235,480,588
76,369,1488,1048,1431,1242,556,297,427,1357
4,1505,248,1547,471,1405,799,323,1930,862
1242,486,1256,662,382,1815,1701,1063,1708,1947
100,44,1641,1931,131,163,761,1161,308,12
1076,807,668,622,153,939,336,331,994,1873
936,1659,921,1147,229,392,1996,1328,634,232
1393,1912,108,1811,630,1209,806,1147,1341,709
1242,1007,1724,1395,453,773,824,169,1153,952
1129,720,1295,473,497,1822,5,636,1654,718
1410,106,1859,1720,1854,786,1858,1262,417,1897
1602,1638,37,896,997,1057,717,59,1805,1754
701,1157,759,202,1485,801,1857,1866,1058,653
508,692,588,808,1931,37,1471,248,880,1580
1326,669,802,1489,945,1436,304,1070,323,1646
807,980,1584,292,1183,749,574,346,359,1495
1519,560,1143,1889,714,653,454,112,960,1633
1178,651,134,1487,1334,1903,1757,274,1057,513
706,917,448,792,1499,1082,754,1497,1776,1433
318,977,1098,507,1213,1433,867,1258,40,584
58,1801,1827,168,1595,1436,1500,951,1598,1583
1178,514,963,618,190,1530,1713,237,1375,105
1355,213,975,945,1507,1411,1567,1118,76,1409
46,879,959,1971,1360,469,1481,1076,1071,1511
188,740,448,1380,1262,174,278,440,328,653
1243,534,61,88,653,96,1571,1303,1142,701
269,543,1307,1594,1679,507,1333,1082,969,429
518,130,169,506,126,1100,1692,1661,1955,591
1897,1675,1850,1083,1606,15,1185,1102,1307,1863
1228,1553,875,326,793,786,359,184,1029,1047
1079,115,151,1321,1764,771,552,1387,287,1761
1994,997,17,1140,101,960,1549,959,1908,658
1006,265,244,706,1167,1026,78,103,1947,1667
1242,1950,1708,110,763,795,398,1938,1722,1942
56,1333,606,1487,104,1923,1510,329,363,292
241,1835,1986,656,557,1893,460,152,166,689
506,711,719,1770,1844,1671,7,70,1302,876
429,1956,374,603,1749,268,736,1337,1326,322
994,1592,609,1654,1555,839,1433,1759,1581,1558
1090,1689,1585,1026,876,1384,1951,1938,1574,452
501,1940,191,980,607,1781,831,1999,378,1236
11,328,284,976,18,1197,367,1577,926,1974
1550,91,1551,1669,777,2000,1049,72,1737,836
618,1189,1530,875,1483,1172,186,635,1432,1357
1228,543,1402,1060,1928,1306,1688,1496,1143,550
126,1055,1329,1642,1192,673,638,1606,1109,82
10,1724,88,958,1534,15,1013,1575,1016,457
978,1424,1510,1024,1405,400,687,789,1299,1143
1532,119,1069,67,410,1806,1319,1617,560,1185
1916,1371,1832,1432,910,767,1435,1705,1840,1115
227,681,346,821,909,1044,525,1224,107,1464
1503,261,1963,738,1361,1997,175,1269,268,317
501,1376,447,1811,262,524,1613,1489,1829,696
485,1129,1585,1737,721,1817,761,422,1779,800
71,1888,98,1998,605,256,826,282,265,971
1348,270,894,1252,1198,1028,1515,1708,1281,1166
48,1391,1324,1874,1239,1699,1193,859,41,907
1810,1026,775,1466,142,1221,778,1399,1496,479
268,1694,1529,484,771,107,525,316,1032,231
310,995,1195,322,57,86,1692,1220,776,486
349,1234,918,459,1663,1019,1248,343,1034,1290
852,233,690,450,766,1528,978,739,1086,883
177,1776,8,551,109,765,1854,1435,1714,988
38,1720,402,901,585,1687,283,1058,1707,665
1031,326,1692,1290,1318,334,760,808,1210,395
404,269,1054,460,1842,1451,1825,1973,95,1893
455,1843,324,1490,620,1696,978,459,640,1625
389,827,1934,365,1036,1471,51,915,657,340
846,1413,119,721,920,874,17,1077,1775,1694
1093,149,83,1498,1195,36,1942,883,1943,1807
613,116,37,588,13,496,812,865,551,1271
994,1821,114,1845,1850,1193,1717,1706,750,1009
149,447,1048,1489,667,561,1579,1840,1140,1200
318,78,939,713,1237,404,737,728,956,1423
1347,1762,79,1870,469,1281,29,1814,1971,189
202,1475,688,1558,779,1512,1345,1334,1466,1398
708,821,1270,267,733,508,966,1463,294,502
532,1011,740,621,1686,496,1488,180,1882,1815
1179,608,92,314,70,1449,799,232,1961,549
861,1027,1667,1944,1158,1683,595,1436,109,1753
81,1638,1672,419,1079,1352,1203,1646,463,938
35,750,1053,1099,1237,364,1424,1068,535,842
215,1618,805,1868,1161,564,1615,1883,1740,1676
436,774,1310,982,1781,1863,372,535,77,551
1261,555,596,443,1696,1238,423,1907,149,1157
1079,1587,1079,1529,957,720,182,53,67,1752
1374,1384,343,224,769,388,508,447,1358,965
618,1705,299,251,1790,1021,173,1985,1854,412
170,870,1293,471,1773,1020,824,58,936,1134
1253,820,475,629,492,1295,148,522,296,1556
379,1058,236,1865,898,270,1303,683,1442,1510
989,1783,676,1406,35,689,1932,1142,1845,257
1117,900,1647,1180,1357,1596,1996,1193,388,390
1211,1496,1792,1537,175,1179,1191,141,753,495
1256,1106,909,714,268,1348,1914,425,5,314
716,567,1133,651,169,1480,1105,1364,1498,186
519,932,228,741,431,1287,1190,1910,1389,1654
262,919,705,281,1460,288,496,1517,173,1229
1834,994,1790,511,675,1542,1951,615,907,1088
889,1252,1508,645,247,1342,268,693,905,455
446,1607,1381,184,1558,760,1519,121,181,1276
100,1621,539,1733,446,1841,1838,21,1696,754
1120,1649,674,1142,1729,412,1065,1482,989,1356
732,1712,1515,994,408,80,939,577,1339,797
1015,44,1674,346,600,1877,1336,1362,988,404
1246,513,1772,234,1143,455,245,1791,1209,947
214,458,1907,1436,565,66,1904,578,1664,1478
1087,915,597,247,1779,208,243,1877,1405,41
1006,1840,1865,535,1442,1379,621,1804,608,450
319,1114,1261,218,76,1080,320,1738,1521,1436
1381,94,1857,548,680,1940,984,132,564,1780
534,480,879,1761,996,1756,1531,1363,1597,221
1145,1407,734,1479,1384,453,364,1519,20,181
322,1377,305,1058,1915,719,138,821,282,1999
233,1735,1562,1021,1955,268,1404,1076,1235,555
1028,687,609,534,1590,663,768,113,1535,543
1252,235,1782,1985,4,908,1012,1352,1310,1483
1480,1106,1278,735,936,1044,1790,1085,1138,1778
852,477,84,297,1215,209,1704,1892,54,68
1454,1932,1071,1852,761,989,20,121,528,649
808,1035,1380,1582,838,449,867,622,765,39
1585,1185,1910,1675,1606,1636,1453,1335,547,1384
640,1957,587,1447,608,1854,1144,586,1939,1038
207,577,983,304,161,435,518,1541,1320,1985
188,779,630,1430,1764,769,1756,1589,269,377
692,142,1478,9,321,1932,275,797,832,1360
861,1070,1179,1952,456,349,155,1986,69,174
125,1976,1535,800,358,648,986,891,1179,1356
468,1037,1943,1341,964,1490,1877,1831,1731,36
979,817,1631,990,1228,742,1899,1768,987,1883
1072,1895,373,1473,418,1049,1014,936,435,93
1022,1525,1364,1311,776,511,759,1390,1287,479
503,1932,845,1548,1887,1609,1461,1616,1786,916
1576,1272,723,740,334,1924,693,282,159,234
1908,1499,1061,1937,72,109,1924,1310,1375,165
1525,1180,226,1584,469,570,1194,907,1660,1817
1095,1474,121,1210,243,446,85,1803,1661,477
1205,1053,1265,519,31,346,1761,550,1238,1913
298,463,1554,242,1841,1668,752,1408,162,1124
598,1284,1804,1449,1509,914,824,765,493,1656
524,1248,888,958,398,1523,1104,1518,937,1031
535,770,1937,1700,700,573,1683,810,412,283
828,1946,256,1510,161,728,3,261,1733,734
1285,1064,270,905,1714,1494,1302,26,1312,1767
1242,76,208,131,83,1994,563,683,384,1823
1028,1192,43,510,965,792,1324,1530,1202,404
975,113,270,1789,1291,662,1147,827,798,1460
1825,907,1132,584,999,1598,1553,11,983,5
31,1075,1311,1572,796,184,207,896,388,1788
9,1376,1865,1872,1762,1710,2,613,890,1118
16,1161,573,181,1719,1669,1713,1939,1508,1547
1436,1151,1193,35,1811,626,1491,78,1575,1814
1145,672,1932,607,1118,1711,740,1817,921,452
702,1896,659,547,650,1355,513,1528,1304,69
221,14,165,1504,953,1906,847,657,1800,682
1465,1483,559,1897,758,1320,1623,799,413,1447
1238,1526,1880,1188,1269,830,924,1165,305,1521
466,859,278,1670,320,1146,1335,158,423,1248
1398,40,1299,1428,105,1580,1688,895,1269,1708
1371,1941,9,848,182,1849,1868,266,1457,359
687,1291,578,1229,454,353,610,1564,1459,1726
1015,1114,1014,1131,105,110,406,427,228,1575
1,154,404,652,454,1516,897,815,54,190
125,1713,833,646,1385,508,1553,1275,1656,1211
1517,1104,636,227,1243,626,498,1833,621,938
532,747,1712,1221,1998,208,977,926,682,728
279,672,1792,293,407,506,1154,30,1349,1490
1432,564,515,423,643,1329,646,597,1740,1054
1652,1665,1428,1183,418,807,1253,1896,683,1353
1865,454,144,1318,1058,12,48,8,1527,131
153,195,223,1808,1929,523,865,1893,1663,1845
1521,1561,156,1796,1434,1205,1042,1137,1768,1167
439,55,1440,297,1704,1729,457,1663,1515,1933
1333,86,1921,869,381,332,1694,183,41,422
57,1493,353,1748,1548,1654,648,1936,1235,1727
197,6,260,1338,1560,1524,321,1078,664,1729
9,1833,878,812,1842,1308,1476,994,319,1243
1728,716,1379,1960,1166,749,1829,774,133,29
254,1790,1938,709,480,128,1450,204,1571,481
1564,1598,661,333,1952,472,1129,671,1843,416
687,1901,1161,578,86,572,1457,911,1962,588
1176,634,831,320,648,1599,1704,830,677,117
243,227,134,550,1434,1452,779,577,385,1906
297,430,107,753,1331,1600,435,1800,322,1549
899,1395,772,755,1362,1751,220,1673,1433,1187
241,1729,520,1625,912,400,137,427,139,1395
1912,32,1288,1098,668,781,1929,1246,961,852
1424,1520,1795,802,631,427,741,756,1981,606
1754,514,1761,1814,261,520,1164,1247,1833,829
1267,1340,788,1454,506,575,732,1661,1030,224
640,1839,1663,1237,1425,740,192,863,1108,1381
994,1093,1549,1277,1111,1006,140,44,1391,1864
1609,551,1154,672,602,328,1953,287,1372,1234
379,874,982,927,1817,592,348,1412,1207,1323
262,1900,1020,1096,1484,429,884,913,135,1853
126,788,1253,1362,1095,1926,268,644,714,86
1001,933,155,1104,1858,1590,1509,1582,964,609
81,1954,292,386,1753,215,1935,1267,655,1352
763,1991,819,464,1172,1841,1778,1122,1468,435
1334,91,1611,1381,1094,886,1390,267,66,1969
1858,1184,1985,1788,1025,1032,1404,507,1858,727
844,975,1858,1742,491,480,357,1120,257,829
1251,418,1932,2002,1894,269,1029,838,37,609
41,1707,1251,388,1700,192,1741,1637,1158,1328
391,1497,1363,420,365,1135,819,1886,1005,822
1596,1762,1176,150,1639,1276,1412,1115,260,183
778,944,87,1584,1184,287,784,965,1366,1481
1289,1746,1601,12,552,1451,1349,889,568,1201
442,1930,572,1907,850,1279,1658,656,8,1555
128,331,395,1723,1012,1222,1513,172,1734,692
126,288,1419,1133,368,1380,705,537,1701,558
500,1059,225,731,736,1945,1938,1465,685,863
1125,1962,1390,668,286,1021,1944,1681,1101,1348
404,1531,1810,510,855,1936,1468,478,1228,1181
1103,1934,1184,1896,1900,264,808,1568,1346,289
692,1296,1056,911,625,311,1739,1699,1481,1541
1623,802,1406,342,798,1035,867,797,1116,1307
482,1070,938,75,1286,423,1041,447,1332,1710
1099,1360,1215,1497,789,955,13,500,1630,1964
1122,443,1184,702,619,765,486,333,1607,1181
1240,1216,348,88,942,709,65,1406,1451,1007
1514,1165,1789,1461,90,639,1040,775,1300,852
29,641,595,703,207,1792,189,885,1321,1728
293,534,1528,488,190,1041,752,1046,39,817
14,505,255,672,754,313,1440,1871,841,1058
429,1771,34,1657,1287,185,513,1696,157,1283
1235,857,405,529,1890,1085,1403,690,1797,1669
262,27,598,1690,811,603,1970,689,643,142
461,632,1798,1445,223,974,218,1538,304,500
141,831,1412,1629,260,1229,967,189,1379,1626
421,1701,754,202,1968,395,955,466,1178,1717
207,1105,719,357,355,1089,1919,1075,712,1727
1422,478,504,1056,891,720,1191,926,393,132
468,1484,1641,1124,1887,1572,143,1536,1990,400
684,249,1683,770,737,591,364,712,865,1456
78,1322,1362,19,740,723,1269,1358,137,1320
209,389,488,915,251,1527,1483,926,1164,946
710,23,80,899,1983,1184,957,1219,1689,559
270,440,413,404,833,90,774,1902,47,1863
825,1517,1366,1882,1820,1295,556,464,1291,1905
978,1198,1347,1497,1140,145,604,1339,346,1321
1908,1730,453,1695,771,1518,215,1404,716,102
1652,1368,1867,1208,1585,313,1322,617,932,1033
1538,1727,174,983,16,493,1177,1950,12,1874
532,1702,1501,1189,941,234,180,264,1661,173
1896,436,871,443,731,719,1678,1977,1828,1292
1093,334,1758,36,1581,1080,1946,188,1984,5
978,624,1325,838,504,887,1181,557,510,1516
1285,1224,1073,636,171,7,1014,1186,1095,1192
1823,238,763,1917,1631,1745,1643,947,297,1070
727,1339,316,1481,558,203,1556,627,1375,670
133,925,737,322,671,1341,1009,1615,1155,814
301,886,1373,30,599,76,458,186,548,1874
727,573,736,528,929,637,378,1306,95,1967
1214,1223,1891,622,1862,884,1163,1255,1659,1063
404,1381,86,589,1754,744,673,1221,555,1565
503,372,709,1962,556,1102,1210,1895,1199,761
1424,1882,1721,1961,590,129,1920,889,1869,1835
852,667,395,103,113,410,1293,61,1647,1247
538,1411,1988,1351,1940,902,1537,1743,1765,828
855,1894,973,1002,1168,1187,977,437,1036,1435
121,900,1777,391,232,1440,676,1277,1112,907
895,1595,1272,1764,1311,972,1368,935,1561,1527
256,633,1891,131,1535,1976,1912,1738,1684,419
18,775,341,1398,669,1173,1744,766,329,816
982,815,1987,555,1603,242,1564,113,1219,728
1429,1802,1319,799,1354,1225,1574,115,864,506
1322,1718,459,1675,1185,73,179,155,148,868
1793,220,1191,629,1725,1439,718,1172,1826,355
45,229,960,1964,898,1336,1500,836,1063,584
646,1980,806,1892,1691,916,1920,707,20,1634
461,1330,1682,1138,1020,418,1523,1658,873,1877
1007,1212,643,823,786,1366,348,1713,1105,271
255,672,1284,1707,1670,211,94,991,208,639
234,1618,157,383,388,1965,719,1981,1500,704
57,514,433,1541,1913,1245,628,881,1866,1550
84,1491,1247,721,1806,506,433,649,1113,690
1525,1361,845,1135,785,34,1839,229,1205,1906
1133,667,300,460,1827,165,11,156,1853,1387
349,424,928,1782,790,1029,469,904,280,1057
41,912,349,473,1022,1456,758,1432,258,1867
446,906,1348,639,1340,920,539,1740,1223,429
497,1695,657,801,1026,9,1448,1086,156,824
1390,1228,1061,876,1751,442,787,1920,429,655
1434,988,667,1650,1014,793,140,1693,681,1885
439,134,431,1784,482,1737,1750,969,701,1879
1239,1118,680,29,1294,1855,424,111,647,1482
372,1701,1447,123,1063,1880,758,348,146,900
1406,139,1307,986,1034,1090,1157,920,1322,642
1226,688,606,8,197,590,1460,1403,1618,403
438,671,1688,557,1242,1173,1491,1163,1375,155
982,1236,597,955,80,1798,1966,684,1919,787
1251,1851,301,484,685,162,237,976,1886,869
1272,599,1153,1799,1259,345,925,1853,1931,813
391,1976,1478,629,909,1849,754,1684,1144,1246
222,1333,703,54,1125,1703,1458,1821,389,1922
1567,816,1419,908,1519,465,155,443,1268,888
1280,617,779,1491,1395,284,316,1876,1565,158
242,574,953,75,1685,236,844,1764,296,1965
1279,969,1864,676,69,1086,743,96,1735,237
183,740,823,820,1362,1171,764,1742,902,1707
844,608,533,958,9,1501,1763,1930,1290,1963
1274,840,1581,1812,873,940,1803,330,1925,287
1643,1811,1143,1646,935,615,1851,564,1848,346
4,766,581,1664,330,1606,1156,1442,1720,359
282,59,387,898,964,663,1521,1006,700,1322
256,1010,1520,1879,905,1466,1302,1996,329,592
1214,1154,635,1644,1558,895,151,1807,256,1770
1429,584,1856,375,1260,1252,1630,737,1167,1077
1091,24,1235,1289,1528,106,464,307,1967,1772
1842,727,1739,1858,300,72,709,1912,253,1586
1636,1663,1595,610,1745,1018,1260,596,1329,1982
987,1278,1567,711,675,1393,1848,1805,1571,699
1381,817,871,1956,736,1090,513,257,1894,992
288,921,1456,170,1578,641,1243,1813,267,554
1822,631,1917,733,1772,183,1044,427,673,1599
309,371,825,1047,1485,1576,1619,1687,1860,1673
162,1529,480,224,766,526,1640,1121,962,411
768,1705,1480,1170,816,1242,1327,1384,1852,680
1293,667,852,1271,1333,748,1124,1428,884,1391
1333,1221,1310,1642,557,915,1728,285,1659,1474
1846,157,366,663,1159,665,286,475,992,649
1563,269,782,1703,1307,257,138,1092,723,1450
1348,1212,1125,705,1187,923,837,863,1429,1255
1841,370,264,1918,1803,814,1595,202,665,635
116,1780,1636,1911,161,117,1069,1942,316,1679
901,1914,463,910,624,1749,1134,1275,945,52
1390,1342,1564,259,56,1668,1323,858,1917,196
10,853,980,488,1916,1635,1036,1821,1815,1216
1347,1910,1326,1499,1162,241,1146,90,917,408
81,1154,1114,1806,1960,1983,1994,1145,1059,1723
1217,167,1815,93,670,922,1237,108,1735,341
1846,1344,1052,721,1835,1637,653,1729,63,136
1094,1831,67,1550,88,366,1659,1568,773,1957
761,1520,1521,1759,1687,102,991,119,22,1463
1596,927,1729,27,1162,541,1982,1130,1268,1474
1289,1104,1792,1008,1647,549,828,646,319,417
1186,1403,1176,1272,1454,1664,604,34,727,665
440,811,1412,1989,1777,266,1791,390,1172,282
1538,556,317,1238,1239,344,1052,736,157,1509
322,207,1731,1417,75,677,1686,1477,867,1316
327,1324,164,1744,1975,1183,1739,297,884,1296
207,1075,58,1552,1313,186,1332,324,273,1041
206,1006,163,1759,1753,1100,1631,453,397,1531
345,1189,584,1818,1934,920,162,1254,1504,1403
221,747,1972,1917,766,705,1026,1076,1370,824
354,825,1265,1833,1648,1336,743,714,852,931
185,1542,1255,1096,186,716,1552,1243,571,1884
994,1016,1191,469,1207,575,1714,650,1585,1884
526,1066,711,1771,868,873,1437,508,1873,1106
1272,1414,469,1757,1554,378,1523,1117,417,136
1819,147,986,288,924,1800,1976,740,1519,447
1216,1073,960,936,1591,716,1834,1721,66,1510
1124,1611,826,140,242,917,1024,1272,635,1237
211,356,634,1218,864,1639,1554,1431,1861,1309
66,1444,1294,832,324,502,595,1573,185,1952
279,94,592,591,38,1701,1145,1416,500,1795
953,1143,114,68,1226,57,139,1333,2002,837
243,551,1447,879,1423,861,1689,1906,332,1742
1198,1259,1804,975,1971,1656,609,687,1661,1500
46,1473,1340,373,1744,1933,734,1414,1908,688
402,1798,1805,1455,1134,182,1778,1266,240,1696
702,1025,682,909,1946,332,434,996,1568,759
1491,1575,891,1469,515,751,1522,945,1015,492
211,1616,1004,1240,818,410,1498,1190,1716,829
101,758,955,578,1202,1592,845,1746,648,1578
1238,342,504,328,1262,1971,413,387,613,262
1396,870,1250,1335,1835,1311,36,1960,954,1245
844,1480,663,1578,1449,651,952,251,1721,525
1,362,1176,1676,1699,547,1456,1374,1417,1800
1827,1475,1655,1427,880,1152,1210,1332,437,132
915,693,616,1630,247,1576,850,931,1791,1318
1189,1251,1340,312,1320,631,1780,751,321,378
37,502,798,522,1852,563,1351,1497,1593,1271
619,1704,985,1046,1477,877,992,847,1392,996
1243,1603,1783,974,888,1709,680,81,935,672
524,1900,1171,1785,1482,1381,1988,1230,181,946
870,1300,92,241,17,1758,1297,955,1659,6
318,323,1871,144,1307,771,773,406,1536,1471
242,1782,406,73,153,1874,1529,1115,1814,1038
436,9,1272,1610,1972,236,1251,468,650,1026
852,217,1360,180,51,1752,1140,513,762,443
483,1015,127,1668,1879,1380,1133,1249,1315,301
474,338,286,1405,265,1069,1211,97,450,1657
836,1111,1151,1607,382,218,1130,1662,1903,1190
1326,715,665,1386,1343,479,199,951,1157,1930
122,1719,394,388,1849,130,811,1678,1200,1238
262,1958,1303,1431,1878,340,785,1748,1545,1784
1028,1039,1703,1984,139,580,172,632,276,1815
35,157,1205,398,167,1578,1909,1642,617,1795
1618,1854,1884,1419,749,696,521,1322,1150,721
640,1023,1294,1155,1253,1720,537,703,473,883
1845,1591,692,682,158,771,1304,1929,976,1242
1026,416,1860,379,1237,1976,31,1796,777,151
958,1301,1662,1098,1325,902,411,1514,49,1784
301,416,637,1666,309,994,1224,973,1171,1114
192,1902,452,897,1006,1813,985,1519,1627,582
93,1002,740,1979,1232,1325,469,560,1222,1252
282,111,560,358,1108,422,285,802,543,1812
936,929,1974,1432,1599,1042,1424,1436,1747,1150
219,1810,1378,1268,157,1344,1958,1355,1896,901
763,126,1825,814,671,579,574,41,1192,100
404,1172,225,515,579,1732,1031,815,434,1207
41,1342,888,1023,812,1097,1617,721,259,1647
220,239,498,215,866,695,977,1637,1491,1236
170,83,822,836,654,1314,1297,794,1706,1369
1018,300,1027,917,1461,1193,1014,12,1582,176
1551,331,1485,253,296,889,1434,943,1826,886
416,581,58,1671,1315,445,1837,50,145,1137
1754,1419,1735,295,508,1537,1505,1411,1183,1094
166,328,1828,1455,1440,810,521,1179,415,793
15,627,365,268,1633,911,741,1849,149,1662
532,394,1929,7,1385,652,587,1462,806,1806
687,1259,27,189,150,1129,447,93,1935,1962
242,229,163,1653,199,1815,654,374,966,577
76,393,621,780,1500,657,638,1615,352,1713
304,912,706,1907,1967,1195,1269,1795,788,1024
1172,243,1001,514,1937,1426,1122,1358,397,1376
127,741,627,657,1497,343,598,1803,218,1402
1994,1811,1747,1503,1274,1541,1563,1205,1958,1902
738,1460,594,504,503,498,1293,871,1289,1643
1076,13,623,1759,1640,1510,1460,560,1479,1719
349,1719,367,866,777,1236,490,437,70,248
346,1723,1967,1286,1236,1335,1271,1250,1049,1084
1576,1570,552,1901,6,1945,641,445,926,936
1902,647,835,1313,1383,609,1639,1880,1408,1043
1990,321,1216,405,728,1323,956,10,1953,331
1075,436,1694,1839,9,291,1408,991,559,1274
1412,800,1434,1632,1225,575,148,542,111,1744
498,1353,1290,1609,351,691,44,1903,1624,158
1022,56,1780,815,1544,1805,1257,711,532,854
234,416,943,28,561,1214,490,1461,976,878
692,1479,855,743,1553,1176,1823,763,1450,1889
30,1986,395,732,1112,53,1302,1044,897,759
1088,241,427,1656,1891,741,796,325,1661,1330
1113,1123,645,56,559,311,400,981,277,1697
346,1115,1343,1613,1878,154,1847,125,442,762
405,883,1960,298,1802,218,1441,1308,1535,1559
458,1087,1243,31,225,1018,1356,1523,1905,79
483,1811,230,650,1127,603,1511,683,609,1739
1200,487,89,1867,1615,292,1943,1620,10,1356
1424,1402,1441,711,1239,340,1413,1565,756,257
1246,204,156,1620,639,1545,527,1441,974,1299
999,1403,768,1760,1267,366,1955,572,243,1773
133,1928,769,1141,1713,1294,1800,1274,1698,61
240,1153,379,11,1301,1713,1168,1133,1891,330
1491,912,908,1205,1864,928,1725,647,1030,1991
37,1666,1053,1215,1961,1901,448,235,210,1735
270,1269,1610,1866,886,1577,457,504,558,255
82,883,1950,1850,1347,1139,687,1727,288,1115
1182,1037,1034,604,1349,773,1226,834,1053,723
1085,96,272,1234,909,921,420,553,224,1668
501,524,1308,1341,1260,1149,1086,985,1597,1901
1289,1383,1670,1464,900,1100,1107,172,316,1539
706,1730,1741,568,808,500,1744,1589,1921,241
855,1418,1827,1035,1742,332,331,439,758,1998
9,1756,1089,76,1263,41,1933,786,1758,1241
964,1717,488,570,1745,1389,57,1317,1369,74
1174,1969,606,14,194,1854,1995,488,587,531
88,489,106,1160,458,1879,185,1909,61,1088
188,556,291,1289,1210,51,212,1584,1328,282
544,1906,587,1626,9,1937,1378,1872,1669,554
412,1001,1726,143,404,1379,489,1474,832,1308
463,413,696,207,1311,1660,23,978,1753,490
1218,815,896,627,1182,1543,936,1928,1890,1922
1134,1134,645,1516,1880,1757,140,1243,81,1914
1916,1727,120,209,1713,1629,512,662,669,1178
517,628,1077,1590,91,1623,1268,5,1350,752
1174,626,730,872,1113,1024,966,228,1353,789
227,1042,363,1840,1717,1059,503,204,1185,1619
145,689,833,941,1494,1236,460,239,1783,633
1221,1486,1245,418,1528,1762,1464,885,1275,170
1324,441,298,749,1389,584,1650,294,1960,1880
703,397,1442,1676,704,2002,1634,816,108,297
46,1141,265,340,1285,26,1554,973,1753,878
744,1190,103,639,302,1865,436,1409,976,611
214,613,1387,708,663,1350,1125,399,1048,1160
1269,1614,1974,1647,924,1016,1500,1110,221,181
846,1096,851,790,1319,152,799,927,898,26
1373,1755,278,1510,1989,340,1393,1009,1616,397
1085,1789,1457,389,79,520,262,1465,414,1260
1214,78,235,898,1742,1375,745,154,866,1129
354,951,345,1983,1151,1204,614,122,313,1800
0,418,964,1047,1328,1095,87,110,1846,196
127,675,623,1454,169,369,823,535,1262,1393
212,1299,1095,703,435,182,1086,1731,1686,1693
1031,807,672,1090,1695,458,796,299,1271,9
127,145,391,1696,636,281,310,340,774,680
483,1150,1703,249,1912,1798,1741,925,181,881
1914,22,1585,1032,1922,296,662,1872,1102,1349
618,965,1840,1948,1518,1668,1932,164,1805,549
272,1148,1215,1443,1554,1055,584,568,1684,30
1007,92,228,462,1675,1897,576,983,459,746
524,287,1292,313,1753,1655,1778,85,1148,1612
1170,126,1682,848,1041,824,1289,1181,572,1630
1920,1792,1004,413,24,272,1213,1489,1642,25
1247,274,809,131,667,1511,1133,1267,1386,1740
157,743,1552,1198,1658,170,622,1827,450,1637
1239,737,970,1066,755,83,1732,1522,471,1206
1846,316,82,587,1789,303,152,1853,1349,496
1239,757,1237,542,1363,1959,1626,87,1650,1038
1521,1584,861,241,80,256,1670,1779,1383,1659
405,1427,401,302,204,417,1324,755,36,519
1834,1571,273,470,902,1271,1867,1304,398,924
648,1767,726,201,1501,610,1095,320,974,821
221,356,673,864,1532,654,980,1135,1100,1603
728,1350,1172,610,1061,1567,1052,1822,1517,1513
439,1080,1051,1727,1192,105,1418,670,1826,971
1239,946,1715,1216,74,116,891,869,205,1299
192,779,1889,1944,1707,828,1179,667,1969,1408
209,1552,767,356,1074,314,1398,1776,385,1977
464,1338,239,394,1001,1796,397,164,1539,487
1834,294,1719,1252,538,851,230,744,1073,243
1050,1960,1713,211,1842,781,764,472,961,1541
1581,1535,784,1015,1320,1889,570,1128,1208,1792
436,95,1704,1828,1370,1450,832,1410,451,216
474,450,1742,837,858,1689,1055,833,799,1052
526,775,433,777,794,279,1076,1084,238,953
953,1656,113,1502,1514,592,984,1335,1865,386
1124,1859,71,752,53,1948,32,1966,12,1714
1028,311,471,1619,226,879,1925,631,587,598
214,335,1035,894,831,1350,153,1791,1219,1366
534,1443,248,1362,1026,1069,921,1291,405,861
133,260,276,980,1448,1209,1556,1301,1215,888
241,1351,1795,1743,249,1275,983,1360,1597,1334
440,109,1981,878,1968,606,207,1312,322,1102
14,1169,66,1213,673,1045,1998,1274,919,1019
1636,1827,68,1913,1761,1240,1538,1293,360,1430
1145,1585,227,1225,1781,1994,459,1427,1382,556
1265,325,1932,455,1528,1970,770,10,280,24
462,827,450,264,1111,125,1040,962,1678,1674
1247,34,1716,974,1921,1645,1195,882,1122,1614
305,926,1013,911,1137,492,1091,231,1559,1045
1647,1679,574,1549,201,24,191,1749,1912,453
202,1555,696,379,1915,77,1945,1821,1499,904
1543,1588,1970,1376,981,375,1782,256,674,279
1109,1050,791,1385,1321,1297,1128,1184,1318,376
89,1237,772,134,1613,1364,62,721,17,1078
293,206,565,1323,874,692,254,1888,1455,1842
391,1476,469,1504,1538,786,243,1655,736,1151
854,1493,1233,203,1922,884,759,507,711,1997
1211,970,350,924,1247,1576,1350,917,645,1656
305,3,54,453,1010,307,474,1330,1263,1857
276,747,484,1868,1834,395,1679,643,1086,178
1051,1889,428,334,551,1460,31,1189,34,538
1410,554,1403,961,565,1735,1591,949,1935,1588
59,1893,272,1121,100,510,1839,1285,741,1251
1631,1129,29,945,476,1259,1254,205,1595,1138
198,1803,351,814,97,139,625,1672,1148,167
133,495,1524,1088,83,345,1622,386,964,1840
268,540,62,408,569,1521,1446,64,1979,775
520,176,1679,1089,430,1555,1396,1777,1133,774
1654,834,1493,540,1153,913,1236,412,792,1942
836,1500,1412,1935,1305,1396,1820,1226,575,658
354,1200,120,567,361,1765,1381,606,1561,526
0,1362,826,646,959,1543,935,1381,1181,1347
702,1744,1249,1007,133,202,1278,788,110,60
243,752,982,131,1517,932,776,475,86,746
1281,171,1479,1873,451,1274,323,112,145,64
1317,162,288,790,1673,1360,1849,1141,1624,204
1289,785,1814,426,297,196,1844,1179,676,1971
391,1320,1377,18,713,1233,1053,1718,1366,1050
1819,1978,1247,721,529,1999,568,1437,768,1125
1026,1799,1912,1717,1764,519,273,1429,535,413
1541,1764,777,1546,1435,1714,165,1638,1204,1722
119,999,1943,218,1529,723,1619,1267,1903,622
99,946,589,971,222,346,499,1902,258,209
542,862,33,1099,1613,997,1410,1689,143,1591
184,886,1771,1752,1097,1041,848,1783,1285,852
1525,1553,334,1905,547,1176,1551,805,1135,311
589,620,204,1006,1254,1012,1627,495,423,16
1015,1734,823,637,856,679,344,1136,92,977
37,518,853,1729,1719,752,1325,641,446,902
79,1802,1829,1752,195,1935,1478,1660,532,1030
37,1575,412,88,1950,1696,93,1272,1880,1380
284,274,730,172,789,1153,1571,633,891,605
902,1796,1911,1386,799,1894,1042,1783,1362,969
1495,1155,362,1505,1715,1675,549,1307,265,168
319,664,61,954,1720,365,1088,1392,575,1378
701,1614,1274,136,1670,1689,1232,1835,1212,982
533,1551,475,1136,1279,521,740,1769,139,1253
703,856,1365,1120,1607,1779,1927,1995,119,370
221,1877,1654,1163,1615,1305,485,1323,1945,311
169,959,805,1786,1045,1033,1628,1678,1213,1472
684,1205,1412,767,108,1732,435,1291,513,359
1658,1427,884,1197,1230,1709,1869,768,1484,849
41,70,1525,74,1345,1305,1064,1561,1416,860
1654,1990,1237,1603,1069,1066,322,1814,959,1928
297,1787,7,1562,591,670,1452,1658,22,636
222,75,1752,858,1944,835,539,1872,318,1749
1251,1536,1707,1309,1803,655,1113,86,836,997
1766,1533,1699,517,1177,184,872,1401,1634,1366
192,1673,196,623,68,1146,268,759,1734,532
838,117,1244,835,946,1000,801,381,1310,671
119,340,143,54,1704,875,716,1692,815,1320
848,1602,1317,1391,923,1936,1626,681,1048,844
300,1018,218,578,1079,1119,1349,1263,1871,1005
1395,1273,1598,648,1827,196,1295,1263,1036,1323
1377,1344,931,1997,1115,581,199,838,420,1419
823,1153,774,157,549,1827,1893,1936,844,17
319,859,72,1058,649,1127,176,772,14,1218
518,284,1038,1101,239,133,485,1817,205,1763
1916,1314,1834,745,1786,864,566,556,232,1450
1398,10,730,1501,1241,587,322,367,256,1573
156,406,1855,1909,33,195,1930,1696,977,1256
1239,1739,958,1052,1425,1746,1982,1881,1724,1884
1094,1369,1854,523,1387,1986,1571,373,544,499
221,1016,1681,699,365,1260,1622,452,1158,241
243,1603,1040,775,1716,401,1886,480,1510,784
1464,109,1335,420,1641,589,916,771,254,1151
1422,1230,1865,1208,6,248,151,115,810,341
1253,1347,1716,1172,1948,1437,1308,151,1983,1893
402,102,1603,829,243,874,1444,1750,163,455
88,167,338,1984,662,1948,158,1904,1062,81
1538,103,1114,676,783,1818,1687,1180,1679,658
1001,204,1881,963,1912,1780,1741,161,510,429
370,1215,1573,547,1130,1830,708,1465,508,1042
994,1348,1019,75,1852,61,1737,105,1542,681
1235,1719,69,353,907,250,318,1058,505,698
1247,1688,963,1665,1147,1015,126,1227,537,1833
1318,434,625,72,1180,937,776,1599,1539,808
1994,287,5,2000,806,1529,387,1219,1041,793
701,1534,945,45,398,967,827,1433,359,1843
127,1414,1496,1585,1049,303,41,405,187,171
76,136,1332,1507,523,832,1114,1951,785,1879
207,596,1426,136,403,1640,373,1631,537,1913
100,1177,17,1572,513,794,1521,770,918,1288
1378,401,664,1533,1766,34,492,1864,1883,1038
1796,468,159,868,801,772,1949,984,879,1106
309,1827,1175,1563,857,1650,1240,338,550,29
1427,769,1363,1106,711,1786,883,56,1491,1213
469,1717,270,1278,737,1645,1153,1352,935,147
1220,579,867,763,350,219,1120,467,65,1302
854,1568,1516,1778,501,1963,522,455,1959,1827
87,1087,57,990,63,134,1305,1446,1071,1322
1329,382,1180,1573,1056,1224,435,796,103,388
690,1653,1500,1975,1855,58,1360,98,1064,787
177,1603,1517,1974,589,485,646,1660,76,1539
1912,1254,844,1067,1180,1137,945,1073,918,1063
1191,600,984,218,264,350,1760,589,926,1156
462,977,29,551,1335,1282,413,1959,1000,1844
153,704,1235,1534,682,1860,322,818,1517,1369
1418,303,992,819,1253,1363,1240,1244,521,1997
1507,1884,1735,1281,1993,956,1116,1304,1845,1336
919,103,851,123,879,779,1173,200,170,1236
1846,112,1096,463,586,103,466,1419,1438,1340
1850,1847,1349,1416,449,1913,1369,977,223,166
82,1232,491,1380,780,288,335,1752,1728,1205
1280,795,874,568,1556,1102,1399,500,1616,1500
10,1903,1626,1934,1248,1914,880,818,429,349
1420,732,431,6,1055,967,1660,1091,1761,727
284,1658,743,1130,958,1301,1047,1764,236,867
1098,824,1241,1400,1207,358,602,149,616,399
1253,211,687,158,965,841,546,1507,1423,1566
852,480,188,642,1743,1198,1772,275,1058,190
520,1716,1155,1897,1347,2001,1819,1059,1470,891
1022,190,1529,495,1441,932,993,1289,663,440
293,1654,785,524,1297,1020,285,267,627,515
178,704,119,731,1313,452,1880,1079,1943,590
305,1761,1284,1402,1040,288,1070,687,894,373
957,1638,943,103,1919,268,235,279,779,711
89,1894,893,1697,343,993,1974,823,1865,918
998,205,1674,216,331,1198,1725,1462,1858,1158
169,1786,1597,396,798,688,682,950,1135,1803
1647,1922,1398,775,1990,16,1951,1497,491,642
1329,162,184,1587,1622,113,1261,1304,827,1672
1222,351,851,183,1000,41,1034,1574,73,1196
1885,123,1263,278,1258,547,1231,266,1576,520
31,806,1027,147,1598,545,810,252,1238,1268
684,519,1884,77,1179,1591,17,1624,1349,1822
1381,1005,449,1772,1365,1555,926,1328,1203,1085
1108,1045,935,634,1149,317,123,557,1387,746
129,1133,1913,1136,819,350,1841,252,106,1250
1000,1558,393,1669,1586,684,557,1410,1664,818
354,1471,429,1502,1736,771,1282,1751,1836,686
1912,548,342,1989,1750,91,1733,444,1863,1186
763,953,557,472,352,1950,1706,1161,582,1614
1602,355,1676,776,1686,699,1707,1744,610,1229
262,1664,2000,1529,1032,1307,922,1286,64,160
1821,75,827,210,913,1877,1792,251,362,1727
207,322,865,1504,1162,1402,1992,1979,753,517
1596,1174,713,649,1828,946,1509,1697,311,1527
1006,1481,494,1263,325,1950,1769,114,729,1810
84,779,360,803,353,1928,1474,1864,236,1974
347,23,1430,1021,1601,316,581,657,1068,1288
705,710,1983,1098,1367,17,1403,499,395,1647
